1429
1429
1427
1431
1433
1438
1438
1444
1454
1471
1473
1488
1504
1516
1544
1558
1566
1586
1582
1584
1575
1578
1576
1576
1574
1579
1585
1593
1606
1619
1640
1657
1667
1668
1679
1668
1667
1677
1685
1682
1681
1688
1683
1692
1680
1678
1666
1652
1626
1604
1579
1567
1547
1527
1510
1491
1467
1454
1444
1432
1418
1439
1423
1433
1425
1432
1428
1430
1429
1430
1429
1431
1428
1429
1425
1426
1431
1428
1430
1430
1431
1430
1428
1428
1428
1428
1428
1427
1428
1430
1431
1431
1429
1429
1429
1429
1428
1429
1431
1426
1429
1428
1428
1429
1425
1431
1428
1430
1428
1429
1430
1427
1429
1429
1430
1429
1430
1428
1429
1428
1430
1428
1425
1429
1429
1429
1430
1429
1427
1427
1428
1428
1428
1430
1431
1431
1430
1428
1429
1427
1431
1428
1428
1426
1425
1423
1428
1417
1433
1423
1438
1430
1439
1440
1434
1426
1419
1416
1419
1423
1427
1435
1438
1437
1432
1429
1422
1418
1420
1428
1431
1433
1433
1427
1400
1326
1412
1547
1485
1479
1489
1471
1311
1282
1377
1436
1431
1471
1525
1503
1449
1382
1372
1364
1396
1373
1455
1491
1514
1444
1450
1422
1390
1365
1374
1414
1463
1468
1452
1474
1450
1418
1376
1378
1411
1416
1444
1452
1483
1449
1431
1406
1410
1397
1395
1429
1453
1455
1444
1451
1437
1412
1397
1404
1420
1422
1441
1450
1453
1435
1427
1414
1413
1406
1419
1428
1446
1443
1442
1438
1428
1411
1411
1414
1423
1427
1438
1448
1437
1430
1430
1420
1411
1417
1426
1432
1429
1439
1445
1431
1424
1422
1415
1418
1422
1432
1435
1432
1435
1431
1424
1417
1420
1417
1425
1429
1434
1441
1457
1462
1455
1455
1457
1463
1465
1471
1481
1483
1488
1487
1485
1485
1491
1493
1497
1505
1517
1519
1522
1530
1534
1535
1550
1554
1566
1569
1585
1590
1587
1588
1593
1601
1594
1599
1597
1611
1609
1616
1607
1606
1607
1604
1602
1604
1610
1613
1610
1608
1608
1605
1601
1601
1598
1595
1592
1592
1577
1556
1530
1498
1464
1438
1422
1419
1426
1424
1429
1427
1430
1430
1428
1424
1426
1426
1424
1425
1428
1427
1426
1428
1426
1424
1423
1426
1425
1424
1425
1427
1426
1424
1426
1426
1426
1424
1426
1424
1427
1426
1424
1422
1424
1428
1424
1422
1425
1426
1425
1427
1427
1425
1425
1426
1427
1425
1422
1427
1427
1426
1425
1428
1424
1425
1425
1426
1427
1426
1425
1423
1427
1426
1423
1423
1426
1426
1425
1426
1427
1425
1425
1427
1424
1422
1423
1428
1425
1426
1423
1424
1424
1426
1426
1427
1424
1428
1424
1424
1426
1427
1424
1424
1427
1425
1423
1426
1425
1423
1423
1424
1426
1426
1423
1556
1368
1478
1488
1463
1427
1448
1412
1414
1422
1428
1421
1429
1423
1432
1423
1430
1420
1428
1423
1427
1424
1426
1427
1428
1429
1425
1426
1421
1421
1422
1424
1426
1425
1430
1429
1426
1426
1426
1423
1424
1425
1427
1426
1425
1426
1429
1424
1424
1425
1424
1423
1428
1429
1427
1430
1425
1424
1425
1425
1422
1426
1426
1427
1427
1427
1425
1424
1424
1423
1426
1426
1426
1428
1427
1425
1424
1425
1425
1422
1425
1425
1424
1427
1426
1425
1425
1425
1424
1424
1425
1427
1426
1427
1426
1426
1427
1427
1427
1423
1424
1427
1428
1426
1428
1427
1426
1428
1425
1426
1425
1421
1425
1426
1427
1432
1431
1431
1437
1441
1442
1443
1445
1448
1448
1450
1449
1452
1454
1457
1466
1467
1470
1475
1485
1489
1496
1504
1508
1516
1517
1473
1526
1499
1515
1500
1524
1530
1524
1537
1535
1548
1549
1549
1532
1529
1525
1530
1529
1540
1541
1546
1545
1553
1558
1567
1577
1581
1603
1592
1576
1555
1539
1532
1515
1499
1480
1467
1457
1448
1442
1435
1431
1424
1427
1423
1425
1424
1423
1423
1425
1425
1423
1422
1425
1423
1423
1423
1423
1425
1423
1421
1423
1422
1422
1421
1422
1422
1423
1422
1426
1424
1422
1420
1421
1422
1422
1425
1421
1426
1422
1425
1420
1421
1424
1423
1422
1422
1423
1422
1422
1420
1425
1424
1426
1422
1421
1426
1423
1421
1420
1420
1423
1424
1422
1424
1423
1417
1425
1424
1420
1425
1422
1424
1422
1424
1422
1423
1419
1426
1421
1423
1423
1423
1418
1422
1424
1423
1426
1427
1427
1423
1423
1434
1458
1412
1434
1415
1428
1415
1426
1421
1425
1424
1429
1429
1423
1420
1423
1422
1419
1418
1419
1426
1424
1424
1423
1425
1421
1420
1417
1418
1421
1424
1425
1431
1428
1428
1424
1422
1418
1418
1416
1419
1424
1425
1429
1427
1425
1424
1423
1419
1417
1418
1421
1424
1426
1427
1425
1420
1423
1421
1421
1422
1426
1423
1426
1423
1425
1424
1419
1421
1420
1424
1424
1425
1425
1425
1425
1423
1424
1419
1423
1420
1425
1424
1426
1425
1423
1422
1422
1418
1421
1426
1428
1429
1430
1431
1436
1433
1440
1441
1443
1448
1454
1453
1454
1456
1459
1458
1459
1461
1462
1463
1469
1471
1474
1477
1474
1458
1472
1482
1518
1507
1510
1519
1524
1522
1522
1514
1510
1501
1493
1485
1478
1480
1480
1484
1487
1497
1499
1506
1507
1514
1512
1516
1518
1522
1526
1530
1536
1536
1540
1532
1525
1502
1480
1460
1446
1433
1427
1420
1422
1421
1424
1422
1423
1423
1422
1420
1420
1420
1422
1421
1422
1425
1425
1423
1422
1423
1420
1420
1419
1422
1422
1422
1420
1425
1422
1422
1419
1419
1419
1420
1422
1423
1423
1425
1423
1423
1422
1421
1420
1418
1422
1422
1421
1422
1424
1424
1422
1420
1418
1420
1419
1421
1422
1424
1423
1421
1421
1420
1421
1419
1420
1421
1422
1422
1423
1421
1424
1425
1425
1422
1426
1422
1420
1420
1420
1420
1417
1417
1419
1419
1423
1423
1429
1428
1425
1426
1423
1419
1415
1416
1416
1422
1421
1426
1430
1428
1420
1424
1420
1417
1418
1418
1424
1425
1424
1424
1422
1420
1419
1419
1419
1423
1418
1424
1426
1422
1423
1419
1419
1419
1419
1419
1424
1423
1424
1423
1420
1422
1420
1421
1419
1420
1422
1425
1426
1421
1421
1420
1421
1420
1422
1419
1423
1422
1423
1426
1425
1418
1421
1419
1422
1418
1424
1422
1423
1419
1424
1420
1420
1422
1419
1424
1421
1421
1424
1422
1421
1418
1422
1420
1421
1421
1424
1421
1425
1423
1422
1421
1420
1419
1423
1420
1421
1421
1423
1422
1422
1420
1420
1420
1422
1421
1422
1422
1425
1418
1423
1421
1420
1421
1423
1423
1419
1419
1422
1422
1422
1419
1418
1422
1422
1417
1422
1424
1421
1423
1422
1422
1421
1421
1420
1421
1424
1421
1420
1421
1424
1423
1419
1421
1420
1421
1426
1429
1436
1440
1449
1454
1458
1463
1469
1473
1482
1479
1483
1488
1487
1492
1494
1498
1503
1503
1513
1517
1522
1524
1526
1530
1538
1543
1551
1560
1561
1575
1584
1592
1600
1604
1604
1610
1612
1621
1621
1630
1638
1646
1649
1659
1664
1668
1668
1673
1676
1674
1677
1684
1684
1687
1692
1700
1704
1711
1711
1716
1712
1716
1712
1706
1705
1702
1694
1702
1699
1699
1699
1700
1700
1692
1689
1689
1686
1680
1681
1675
1677
1686
1693
1699
1701
1694
1695
1676
1672
1657
1652
1642
1635
1630
1619
1609
1591
1564
1540
1513
1479
1447
1423
1404
1415
1420
1415
1421
1417
1425
1421
1420
1420
1420
1415
1419
1419
1420
1423
1422
1421
1421
1419
1417
1414
1418
1421
1421
1421
1422
1423
1419
1419
1416
1419
1420
1421
1418
1418
1422
1422
1420
1421
1421
1421
1417
1417
1419
1421
1418
1418
1421
1424
1421
1421
1418
1420
1419
1420
1417
1423
1421
1421
1421
1425
1393
1416
1430
1407
1419
1428
1440
1419
1418
1408
1417
1421
1401
1403
1429
1447
1410
1424
1433
1437
1401
1404
1407
1422
1412
1422
1428
1434
1425
1413
1413
1415
1412
1415
1415
1430
1427
1424
1421
1416
1414
1412
1414
1419
1423
1425
1426
1423
1422
1419
1416
1415
1415
1417
1421
1424
1420
1419
1423
1420
1416
1415
1422
1418
1419
1419
1423
1421
1421
1421
1422
1419
1416
1419
1416
1421
1421
1419
1421
1417
1418
1414
1417
1416
1418
1419
1422
1421
1420
1423
1420
1422
1422
1423
1424
1423
1419
1420
1417
1415
1412
1417
1416
1422
1422
1426
1420
1422
1415
1416
1416
1418
1418
1421
1423
1422
1423
1423
1421
1419
1416
1417
1416
1422
1423
1424
1421
1422
1419
1418
1415
1416
1420
1419
1424
1421
1422
1420
1418
1416
1418
1420
1423
1421
1420
1421
1417
1420
1417
1418
1418
1423
1421
1422
1421
1421
1420
1419
1420
1420
1421
1420
1420
1420
1420
1419
1421
1420
1420
1420
1420
1419
1418
1419
1421
1419
1420
1420
1417
1419
1418
1424
1436
1450
1457
1459
1462
1469
1475
1482
1480
1478
1476
1478
1475
1475
1461
1472
1466
1472
1471
1477
1479
1485
1487
1497
1496
1494
1494
1496
1501
1506
1516
1514
1524
1533
1537
1539
1540
1535
1544
1545
1545
1543
1548
1556
1565
1569
1574
1577
1580
1581
1579
1577
1581
1577
1580
1579
1580
1582
1585
1588
1595
1589
1596
1595
1599
1589
1595
1583
1582
1579
1578
1579
1582
1584
1591
1591
1592
1589
1594
1589
1578
1560
1533
1505
1483
1463
1451
1440
1430
1422
1418
1421
1421
1416
1416
1420
1418
1417
1418
1418
1421
1417
1422
1415
1420
1419
1415
1412
1416
1418
1419
1419
1420
1420
1413
1417
1417
1418
1419
1418
1418
1419
1421
1421
1414
1419
1416
1414
1417
1418
1420
1420
1416
1419
1417
1417
1417
1416
1420
1422
1420
1419
1419
1417
1412
1416
1416
1417
1414
1418
1418
1417
1418
1419
1415
1415
1417
1418
1415
1420
1420
1421
1422
1420
1417
1418
1413
1415
1415
1420
1421
1420
1420
1417
1416
1416
1413
1416
1415
1423
1422
1424
1421
1417
1416
1413
1414
1412
1415
1416
1425
1425
1417
1413
1413
1418
1416
1408
1413
1418
1420
1419
1421
1421
1419
1416
1414
1419
1418
1415
1417
1421
1420
1419
1418
1418
1415
1416
1416
1416
1419
1417
1417
1417
1415
1419
1417
1417
1416
1418
1418
1418
1418
1418
1418
1419
1419
1417
1418
1419
1416
1418
1417
1417
1417
1418
1416
1419
1420
1421
1419
1418
1414
1419
1419
1417
1419
1418
1417
1419
1419
1416
1416
1419
1418
1420
1418
1417
1421
1414
1418
1415
1417
1415
1418
1417
1418
1418
1418
1415
1416
1419
1417
1418
1417
1419
1418
1417
1417
1414
1415
1416
1416
1418
1417
1419
1418
1420
1418
1417
1418
1416
1418
1415
1421
1419
1421
1417
1417
1418
1417
1416
1415
1419
1427
1433
1435
1439
1443
1441
1441
1442
1442
1444
1446
1453
1458
1462
1471
1481
1483
1485
1487
1488
1489
1487
1489
1488
1490
1491
1495
1504
1516
1524
1535
1547
1547
1539
1549
1544
1551
1545
1550
1550
1551
1552
1560
1557
1552
1559
1554
1565
1560
1574
1569
1578
1574
1578
1586
1577
1581
1578
1580
1565
1558
1536
1515
1501
1482
1469
1458
1443
1433
1423
1417
1415
1413
1412
1416
1415
1418
1415
1415
1416
1414
1415
1415
1413
1414
1416
1418
1416
1413
1412
1416
1412
1414
1413
1414
1415
1416
1415
1417
1416
1413
1416
1414
1414
1415
1412
1416
1415
1416
1416
1412
1416
1412
1415
1414
1413
1412
1416
1416
1415
1414
1415
1417
1413
1415
1412
1414
1412
1415
1415
1420
1418
1418
1419
1417
1416
1414
1410
1412
1407
1409
1418
1418
1417
1421
1415
1414
1386
1417
1405
1421
1408
1434
1423
1419
1403
1414
1407
1413
1409
1419
1422
1430
1417
1412
1414
1404
1401
1411
1416
1424
1422
1421
1421
1414
1410
1406
1406
1412
1415
1422
1424
1426
1421
1414
1408
1408
1409
1410
1414
1422
1422
1419
1412
1421
1400
1411
1407
1417
1415
1422
1421
1425
1412
1412
1404
1408
1407
1416
1416
1423
1424
1421
1416
1413
1410
1408
1412
1411
1418
1421
1425
1418
1416
1413
1410
1407
1407
1414
1425
1417
1422
1415
1425
1405
1405
1412
1414
1415
1418
1418
1423
1419
1408
1401
1410
1410
