1429
1430
1431
1429
1427
1427
1429
1429
1427
1429
1430
1430
1429
1427
1430
1428
1429
1428
1429
1430
1429
1429
1429
1428
1428
1428
1430
1431
1430
1429
1430
1430
1428
1429
1431
1431
1430
1432
1427
1431
1430
1431
1431
1431
1430
1428
1431
1430
1430
1430
1427
1429
1428
1430
1430
1432
1430
1431
1430
1431
1433
1437
1437
1441
1443
1448
1450
1452
1459
1460
1461
1465
1467
1469
1468
1468
1469
1469
1470
1471
1474
1481
1486
1489
1500
1507
1519
1527
1536
1544
1548
1550
1553
1556
1555
1560
1569
1578
1591
1599
1619
1625
1636
1643
1646
1626
1624
1610
1628
1627
1627
1608
1613
1557
1586
1567
1611
1592
1652
1644
1672
1671
1667
1655
1646
1630
1632
1628
1627
1619
1612
1588
1569
1544
1528
1507
1493
1482
1474
1469
1463
1446
1438
1429
1431
1425
1429
1421
1428
1425
1429
1432
1432
1430
1428
1426
1422
1426
1426
1429
1426
1431
1431
1429
1430
1428
1425
1428
1426
1428
1430
1428
1430
1430
1429
1424
1426
1425
1427
1426
1429
1429
1431
1428
1429
1425
1428
1425
1428
1429
1430
1432
1429
1427
1425
1426
1426
1425
1429
1426
1431
1429
1428
1428
1427
1426
1429
1426
1427
1426
1428
1427
1428
1428
1426
1425
1425
1426
1430
1429
1429
1428
1428
1428
1427
1428
1429
1428
1429
1429
1428
1429
1427
1427
1428
1428
1427
1426
1429
1429
1428
1429
1429
1427
1427
1429
1427
1429
1429
1428
1429
1428
1428
1427
1429
1428
1430
1430
1425
1428
1427
1430
1427
1429
1429
1427
1428
1427
1428
1427
1425
1427
1428
1429
1426
1428
1426
1429
1427
1426
1421
1429
1430
1429
1430
1428
1429
1428
1427
1429
1428
1428
1429
1428
1429
1427
1429
1427
1428
1427
1427
1428
1426
1429
1427
1426
1427
1426
1425
1430
1425
1426
1430
1431
1430
1428
1430
1430
1425
1425
1425
1428
1428
1426
1426
1432
1427
1427
1428
1425
1426
1420
1427
1428
1426
1429
1426
1425
1430
1423
1426
1430
1426
1425
1429
1430
1427
1428
1429
1431
1425
1428
1428
1430
1431
1429
1428
1429
1424
1427
1423
1428
1430
1427
1432
1432
1431
1428
1427
1427
1428
1428
1431
1432
1428
1430
1428
1427
1425
1430
1428
1427
1428
1432
1430
1433
1430
1429
1431
1431
1432
1435
1433
1433
1432
1432
1429
1430
1430
1431
1433
1431
1432
1433
1432
1429
1431
1433
1432
1432
1432
1431
1436
1440
1442
1446
1448
1453
1456
1461
1464
1465
1464
1461
1463
1461
1459
1459
1466
1471
1477
1486
1488
1495
1496
1500
1507
1516
1520
1523
1526
1527
1524
1528
1526
1527
1530
1533
1540
1542
1548
1554
1560
1568
1579
1589
1597
1605
1613
1622
1628
1639
1649
1660
1671
1689
1703
1717
1729
1738
1746
1751
1752
1753
1757
1759
1766
1775
1793
1805
1818
1829
1834
1843
1847
1852
1853
1854
1859
1870
1881
1891
1900
1908
1911
1908
1902
1853
1779
1838
1832
1863
1854
1874
1894
1915
1927
1931
1923
1919
1896
1870
1844
1825
1808
1791
1785
1781
1792
1806
1832
1851
1879
1898
1914
1921
1924
1921
1918
1910
1901
1897
1893
1901
1910
1920
1931
1942
1948
1950
1946
1959
1956
1958
1943
1928
1922
1909
1896
1874
1851
1830
1798
1754
1705
1650
1604
1556
1517
1477
1450
1433
1433
1419
1435
1421
1432
1428
1427
1426
1424
1427
1424
1425
1427
1427
1424
1427
1427
1426
1427
1425
1425
1429
1427
1426
1427
1425
1422
1425
1426
1424
1425
1425
1426
1428
1424
1425
1421
1423
1425
1424
1424
1428
1427
1427
1425
1424
1425
1424
1423
1424
1425
1428
1425
1425
1426
1425
1424
1423
1425
1425
1426
1424
1426
1425
1425
1426
1424
1425
1422
1425
1426
1425
1425
1426
1424
1424
1426
1425
1426
1423
1425
1425
1423
1425
1424
1425
1426
1425
1426
1423
1424
1424
1424
1423
1427
1426
1423
1424
1426
1425
1425
1424
1426
1422
1425
1425
1424
1423
1424
1424
1423
1423
1425
1425
1426
1425
1426
1422
1423
1424
1425
1425
1423
1426
1425
1424
1425
1424
1425
1423
1424
1428
1425
1423
1425
1424
1423
1425
1424
1424
1423
1423
1424
1426
1424
1426
1423
1426
1424
1428
1422
1426
1419
1428
1425
1423
1426
1427
1424
1423
1424
1427
1426
1424
1423
1426
1425
1421
1422
1426
1423
1426
1426
1422
1425
1423
1424
1425
1426
1424
1422
1424
1423
1425
1424
1427
1427
1428
1423
1425
1424
1424
1424
1423
1423
1425
1423
1426
1426
1425
1425
1429
1423
1425
1425
1423
1427
1425
1425
1427
1425
1425
1422
1423
1422
1422
1424
1428
1426
1421
1424
1424
1421
1426
1426
1428
1428
1428
1427
1421
1425
1425
1423
1425
1421
1427
1433
1434
1435
1439
1436
1436
1439
1435
1441
1438
1437
1436
1434
1436
1432
1435
1436
1432
1436
1442
1442
1438
1441
1441
1444
1439
1444
1447
1448
1450
1449
1455
1459
1461
1464
1469
1473
1480
1479
1488
1491
1491
1495
1499
1500
1500
1504
1512
1515
1526
1537
1547
1562
1575
1593
1601
1610
1611
1619
1616
1616
1616
1624
1630
1639
1651
1664
1678
1695
1708
1720
1726
1706
1726
1721
1706
1670
1529
1653
1568
1645
1628
1665
1686
1718
1739
1733
1717
1694
1674
1647
1631
1617
1603
1588
1574
1558
1545
1533
1524
1511
1508
1499
1498
1498
1491
1483
1469
1459
1454
1446
1428
1419
1423
1421
1426
1424
1422
1423
1426
1423
1423
1420
1424
1423
1424
1425
1422
1422
1422
1421
1425
1422
1424
1424
1426
1426
1425
1422
1424
1423
1426
1422
1422
1423
1424
1421
1423
1423
1423
1422
1420
1423
1423
1424
1423
1424
1422
1425
1422
1424
1423
1423
1423
1424
1420
1420
1420
1422
1425
1422
1425
1424
1423
1424
1420
1421
1421
1422
1425
1424
1423
1423
1422
1424
1422
1422
1422
1423
1423
1423
1423
1424
1423
1424
1420
1422
1420
1423
1423
1423
1423
1423
1423
1424
1421
1422
1421
1422
1422
1423
1422
1423
1423
1423
1419
1423
1422
1423
1420
1425
1423
1423
1422
1424
1421
1422
1422
1420
1422
1423
1426
1423
1425
1427
1424
1421
1421
1420
1421
1421
1425
1429
1428
1428
1424
1423
1419
1419
1417
1421
1423
1426
1425
1424
1425
1422
1417
1419
1420
1423
1425
1425
1426
1425
1425
1422
1422
1421
1422
1425
1422
1426
1424
1424
1423
1421
1422
1424
1422
1425
1423
1425
1426
1424
1423
1425
1421
1423
1424
1425
1423
1423
1425
1425
1424
1421
1422
1420
1422
1420
1422
1424
1424
1425
1425
1422
1423
1422
1422
1424
1423
1423
1424
1426
1424
1421
1425
1422
1419
1423
1423
1423
1425
1422
1421
1421
1422
1422
1422
1421
1424
1422
1424
1423
1423
1422
1421
1424
1424
1423
1425
1422
1422
1421
1421
1420
1422
1426
1422
1427
1425
1425
1424
1424
1421
1422
1420
1421
1422
1423
1427
1432
1438
1444
1446
1449
1452
1451
1454
1455
1456
1457
1456
1458
1457
1460
1456
1460
1459
1461
1461
1464
1465
1467
1469
1475
1479
1486
1486
1492
1496
1499
1496
1503
1504
1504
1500
1506
1505
1509
1514
1519
1531
1542
1550
1558
1568
1577
1585
1591
1600
1609
1613
1625
1632
1646
1664
1678
1689
1690
1703
1712
1721
1724
1726
1726
1735
1739
1739
1745
1750
1763
1773
1781
1779
1780
1776
1776
1771
1773
1778
1784
1789
1798
1802
1809
1809
1817
1823
1828
1835
1838
1840
1854
1869
1879
1887
1889
1884
1876
1865
1862
1869
1881
1898
1916
1939
1951
1958
1959
1951
1941
1928
1915
1899
1898
1907
1928
1941
1940
1926
1907
1892
1919
1923
1936
1904
1910
1937
2002
2111
2101
1984
1948
1918
1880
1796
1735
1689
1664
1638
1610
1584
1553
1530
1504
1474
1448
1440
1420
1411
1426
1424
1428
1425
1427
1425
1421
1423
1422
1423
1421
1425
1424
1425
1425
1424
1422
1422
1420
1419
1419
1420
1422
1422
1426
1427
1425
1423
1423
1423
1422
1420
1422
1423
1426
1425
1424
1423
1420
1422
1424
1422
1419
1422
1422
1422
1422
1423
1424
1422
1425
1424
1423
1422
1421
1420
1423
1423
1420
1423
1423
1423
1421
1420
1422
1421
1421
1423
1424
1426
1425
1424
1424
1422
1419
1420
1421
1421
1423
1422
1423
1424
1422
1422
1421
1420
1420
1421
1422
1425
1426
1422
1420
1421
1419
1420
1418
1421
1424
1426
1424
1426
1424
1419
1419
1420
1420
1423
1420
1418
1415
1426
1425
1427
1430
1432
1435
1421
1415
1414
1413
1415
1415
1426
1432
1430
1427
1422
1421
1419
1415
1418
1423
1423
1427
1428
1426
1423
1422
1418
1419
1419
1422
1420
1424
1425
1425
1422
1423
1422
1422
1420
1424
1423
1423
1425
1423
1423
1423
1421
1423
1423
1420
1423
1422
1423
1422
1422
1423
1422
1423
1423
1423
1423
1424
1421
1421
1421
1419
1421
1423
1423
1423
1423
1424
1423
1422
1420
1421
1422
1424
1422
1424
1425
1422
1421
1421
1419
1421
1422
1419
1423
1423
1421
1423
1425
1423
1421
1422
1420
1422
1420
1421
1421
1424
1422
1422
1422
1421
1424
1423
1422
1422
1422
1423
1423
1422
1422
1424
1423
1422
1421
1424
1424
1424
1421
1423
1423
1423
1420
1422
1422
1424
1423
1421
1422
1422
1423
1423
1422
1422
1422
1432
1435
1446
1456
1463
1469
1470
1472
1468
1474
1470
1470
1466
1467
1475
1479
1490
1500
1511
1520
1534
1541
1550
1560
1558
1559
1556
1561
1567
1574
1586
1598
1616
1627
1646
1662
1675
1686
1694
1700
1700
1697
1706
1718
1728
1739
1749
1754
1764
1772
1778
1774
1769
1756
1749
1747
1762
1774
1792
1809
1829
1849
1858
1860
1844
1819
1797
1778
1768
1764
1772
1788
1812
1837
1861
1880
1885
1882
1867
1848
1834
1828
1826
1830
1842
1849
1874
1894
1909
1883
1930
1678
1806
1721
1786
1738
1776
1819
1835
1857
1860
1832
1799
1741
1695
1663
1633
1606
1567
1546
1520
1497
1470
1479
1439
1436
1424
1418
1424
1423
1427
1423
1427
1421
1420
1420
1418
1421
1422
1421
1423
1425
1422
1421
1418
1419
1418
1422
1421
1419
1422
1425
1422
1419
1422
1421
1422
1422
1423
1421
1423
1419
1422
1421
1422
1421
1423
1419
1421
1422
1423
1420
1421
1420
1420
1421
1420
1421
1423
1422
1417
1417
1419
1420
1419
1419
1419
1422
1420
1418
1417
1420
1420
1420
1420
1419
1421
1421
1419
1424
1422
1421
1421
1421
1421
1417
1419
1420
1419
1420
1420
1417
1417
1423
1421
1421
1421
1422
1421
1419
1421
1420
1419
1421
1419
1419
1419
1421
1418
1420
1421
1419
1421
1421
1418
1422
1425
1425
1422
1422
1424
1417
1418
1414
1413
1418
1421
1419
1425
1424
1422
1421
1416
1418
1420
1421
1422
1423
1421
1419
1418
1418
1416
1418
1421
1423
1422
1424
1421
1422
1417
1417
1417
1420
1421
1422
1421
1423
1421
1420
1418
1418
1417
1419
1420
1421
1421
1421
1418
1420
1416
1419
1418
1418
1422
1420
1424
1424
1419
1418
1419
1420
1420
1421
1418
1420
1422
1423
1418
1419
1420
1420
1421
1417
1420
1419
1419
1421
1423
1421
1420
1422
1417
1421
1418
1420
1420
1420
1421
1420
1421
1419
1418
1419
1418
1419
1421
1420
1419
1422
1421
1420
1420
1417
1421
1418
1422
1420
1420
1419
1421
1418
1420
1418
1419
1422
1421
1420
1420
1419
1420
1423
1421
1422
1422
1421
1422
1420
1421
1419
1418
1419
1420
1421
1424
1428
1429
1427
1430
1430
1432
1426
1429
1429
1429
1428
1428
1428
1430
1432
1431
1435
1443
1457
1468
1482
1488
1492
1491
1492
1487
1485
1486
1490
1492
1497
1504
1505
1513
1516
1523
1530
1536
1539
1542
1544
1547
1550
1552
1556
1560
1564
1562
1568
1569
1573
1579
1585
1595
1600
1616
1627
1633
1626
1644
1649
1655
1642
1635
1626
1618
1596
1601
1590
1605
1604
1608
1613
1632
1629
1627
1624
1622
1609
1608
1607
1607
1613
1617
1616
1612
1608
1603
1594
1591
1586
1584
1582
1584
1579
1575
1575
1566
1554
1540
1525
1503
1485
1459
1448
1438
1427
1416
1417
1415
1417
1416
1422
1418
1421
1418
1419
1415
1416
1419
1416
1419
1421
1420
1420
1419
1418
1415
1419
1416
1418
1418
1419
1418
1419
1418
1418
1415
1416
1415
1417
1417
1418
1419
1420
1420
1419
1416
1415
1416
1417
1418
1416
1419
1419
1419
1417
1418
1417
1417
1419
1420
1415
1419
1418
1417
1416
1415
1417
1418
1417
1418
1419
1419
1418
1414
1414
1415
1418
1417
1417
1416
1419
1415
1417
1416
1415
1415
1419
1421
1422
1425
1421
1417
1414
1411
1412
1411
1418
1421
1421
1421
1417
1418
1418
1411
1413
1414
1419
1420
1422
1425
1420
1420
1419
1422
1419
1419
1417
1417
1410
1410
1412
1414
1418
1421
1420
1421
1427
1414
1419
1413
1418
1415
1410
1419
1425
1423
1425
1424
1422
1419
1411
1413
1413
1412
1420
1422
1426
1423
1419
1417
1418
1410
1416
1415
1418
1418
1422
1420
1420
1418
1417
1409
1417
1417
1419
1421
1423
1417
1418
1420
1418
1411
1413
1419
1414
1420
1420
1421
1418
1412
1415
1414
1417
1418
1419
1418
1418
1421
1416
1417
1418
1416
1418
1419
1419
1420
1417
1415
1416
1417
1418
1419
1415
1420
1419
1420
1420
1419
1419
1415
1416
1418
1419
1418
1420
1420
1419
1419
1416
1418
1414
1416
1418
1419
1418
1418
1417
1418
1414
1418
1419
1417
1418
1420
1419
1417
1415
1418
1418
1417
1416
1419
1420
1427
1432
1440
1448
1467
1468
1475
1473
1471
1465
1462
1459
1457
1460
1472
1479
1490
1497
1509
1516
1526
1532
1535
1536
1535
1536
1535
1537
1541
1541
1547
1551
1560
1572
1581
1596
1605
1615
1623
1619
1624
1619
1620
1622
1624
1627
1635
1653
1667
1675
1683
1684
1682
1681
1672
1564
1568
1578
1589
1618
1628
1633
1660
1668
1691
1698
1708
1693
1662
1615
1594
1584
1580
1569
1565
1555
1545
1539
1533
1519
1504
1482
1463
1446
1441
1433
1427
1417
1414
1419
1415
1415
1414
1418
1416
1417
1416
1415
1415
1414
1416
1417
1416
1414
1414
1417
1413
1418
1414
1416
1416
1415
1418
1418
1415
1416
1417
1414
1417
1414
1416
1414
1416
1419
1415
1414
1417
1416
1415
1412
1414
1416
1414
1416
1415
1416
1416
1416
1416
1418
1416
1418
1410
1415
1415
1417
1416
1416
1418
1416
1416
1414
1417
1416
1415
1415
1413
1415
1415
1417
1416
1419
1417
1416
1413
1414
1416
1413
1413
1418
1415
1416
1415
1418
1415
1412
1414
1417
1415
1416
1414
1417
1414
1414
1416
1414
1414
1415
1416
1414
1419
1415
1414
1417
1417
1413
1415
1413
1414
1418
1416
1418
1419
1419
1417
1414
1413
1413
1412
1415
1415
1421
1419
1418
1415
1416
1414
1414
1414
1419
1421
1419
1420
1420
1416
1407
1422
1408
1412
1412
1412
1416
1404
1412
1415
1418
1416
1416
1421
1417
1412
1414
1412
1414
1415
1412
1420
1421
1420
1418
1414
1413
1411
1411
1414
1416
1419
1419
1419
1417
1418
1413
1412
1412
1415
1417
1420
1416
1420
1416
1411
1410
1411
1413
1416
1418
1422
1419
1418
1413
1413
1413
1411
1414
1418
1420
1419
1417
1415
