1497
1493
1493
1492
1494
1495
1494
1495
1495
1498
1495
1494
1497
1495
1495
1495
1494
1496
1494
1496
1497
1496
1495
1496
1495
1498
1496
1497
1496
1495
1496
1497
1496
1496
1494
1497
1493
1495
1495
1497
1494
1496
1496
1496
1495
1493
1495
1497
1496
1497
1497
1498
1495
1496
1495
1493
1495
1496
1497
1499
1498
1496
1498
1498
1494
1495
1495
1495
1497
1497
1497
1498
1497
1497
1493
1494
1493
1493
1494
1497
1498
1497
1496
1496
1495
1494
1495
1493
1495
1497
1497
1497
1498
1500
1518
1573
1603
1655
1693
1716
1739
1758
1747
1716
1705
1699
1766
1778
1838
1851
1892
1940
1941
1988
2031
2081
2060
2113
2139
2159
2175
2180
2212
2221
2229
2245
2268
2304
2290
2327
2336
2451
2437
2417
2386
2367
2342
2291
2231
2182
2151
2111
2041
1963
1887
1813
1729
1648
1572
1512
1459
1433
1418
1434
1415
1433
1430
1458
1460
1438
1449
1433
1468
1485
1460
1474
1468
1502
1507
1488
1466
1419
1478
1489
1488
1470
1498
1487
1472
1468
1458
1463
1456
1476
1477
1491
1484
1482
1475
1458
1468
1466
1470
1475
1478
1483
1482
1474
1472
1467
1468
1465
1472
1479
1480
1476
1478
1470
1471
1465
1465
1473
1471
1475
1479
1478
1479
1473
1471
1467
1467
1468
1466
1475
1478
1475
1477
1475
1470
1470
1468
1467
1473
1477
1480
1477
1471
1475
1472
1468
1467
1466
1475
1474
1474
1475
1473
1475
1470
1467
1472
1472
1475
1474
1475
1471
1473
1470
1472
1467
1468
1472
1476
1476
1472
1475
1472
1472
1472
1470
1470
1470
1473
1469
1475
1472
1473
1470
1471
1471
1472
1475
1475
1466
1477
1469
1469
1473
1476
1475
1469
1478
1462
1473
1479
1468
1473
1471
1478
1471
1470
1474
1474
1472
1471
1471
1477
1473
1470
1469
1475
1473
1471
1471
1472
1475
1472
1472
1471
1471
1473
1469
1473
1472
1473
1475
1472
1474
1473
1472
1471
1473
1476
1475
1473
1471
1473
1470
1471
1472
1473
1473
1472
1473
1476
1472
1470
1470
1472
1471
1475
1473
1474
1470
1474
1469
1470
1468
1469
1472
1473
1475
1474
1473
1471
1472
1469
1469
1471
1473
1473
1474
1473
1473
1471
1471
1473
1469
1473
1475
1474
1475
1472
1470
1471
1472
1473
1473
1472
1473
1473
1474
1470
1472
1471
1474
1470
1472
1471
1471
1475
1474
1473
1472
1472
1471
1471
1470
1470
1471
1470
1474
1471
1473
1471
1474
1472
1471
1469
1474
1472
1473
1472
1473
1473
1471
1473
1505
1570
1618
1626
1659
1683
1697
1720
1703
1721
1742
1748
1784
1784
1800
1825
1851
1879
1895
1906
1924
1941
1958
2000
2000
2037
2045
2072
2105
2122
2136
2125
2126
2123
2105
2103
2101
2109
2108
2117
2121
2135
2143
2148
2147
2139
2128
2104
2065
2026
1976
1922
1866
1801
1736
1673
1614
1562
1524
1496
1483
1468
1460
1455
1444
1435
1437
1438
1433
1436
1436
1437
1433
1434
1441
1429
1456
1444
1450
1446
1457
1448
1455
1462
1470
1451
1460
1441
1456
1451
1448
1449
1451
1463
1455
1458
1453
1453
1455
1452
1449
1450
1455
1452
1454
1454
1455
1454
1452
1453
1453
1454
1451
1454
1453
1455
1452
1453
1453
1455
1454
1448
1453
1453
1453
1452
1453
1454
1450
1453
1452
1451
1451
1454
1451
1451
1451
1451
1454
1453
1451
1454
1452
1451
1453
1452
1454
1451
1453
1455
1451
1452
1453
1452
1450
1452
1453
1452
1453
1452
1453
1453
1453
1455
1449
1454
1451
1453
1452
1451
1453
1455
1452
1451
1448
1452
1450
1455
1454
1453
1452
1451
1450
1453
1450
1451
1452
1451
1455
1452
1452
1451
1452
1452
1453
1449
1452
1451
1451
1455
1451
1453
1446
1449
1450
1442
1448
1470
1445
1453
1459
1456
1456
1448
1453
1451
1455
1449
1452
1455
1455
1449
1453
1456
1449
1449
1449
1456
1454
1452
1452
1453
1450
1452
1450
1451
1455
1449
1452
1453
1456
1451
1454
1453
1454
1451
1452
1451
1448
1453
1449
1449
1447
1450
1452
1453
1454
1454
1448
1453
1453
1453
1448
1453
1452
1448
1454
1453
1452
1453
1453
1451
1452
1448
1452
1448
1450
1453
1451
1450
1452
1450
1452
1453
1448
1454
1451
1450
1449
1453
1452
1453
1452
1455
1452
1454
1451
1451
1454
1454
1451
1454
1447
1455
1452
1451
1450
1450
1452
1455
1451
1452
1449
1454
1453
1454
1451
1451
1451
1454
1451
1449
1453
1451
1452
1451
1451
1454
1453
1451
1453
1452
1452
1454
1448
1452
1451
1451
1454
1450
1451
1453
1452
1454
1450
1464
1856
1742
1778
1770
1771
1792
1832
1851
1841
1855
1915
1948
1986
2007
2025
2023
2015
2015
2047
2050
2078
2105
2148
2169
2176
2207
2236
2229
2267
2254
2265
2278
2300
2335
2347
2376
2361
2353
2367
2370
2381
2391
2413
2422
2430
2421
2424
2412
2404
2398
2400
2397
2402
2410
2423
2433
2453
2462
2454
2449
2433
2417
2375
2328
2266
2191
2099
1992
1885
1782
1686
1610
1548
1502
1467
1457
1444
1435
1429
1417
1411
1400
1422
1411
1436
1412
1440
1428
1424
1432
1429
1421
1431
1430
1430
1432
1436
1442
1439
1442
1430
1435
1429
1427
1430
1428
1432
1440
1433
1436
1430
1433
1427
1427
1428
1432
1434
1436
1431
1430
1431
1433
1429
1432
1432
1433
1434
1432
1433
1433
1432
1431
1432
1430
1432
1432
1431
1433
1429
1434
1431
1432
1432
1430
1429
1433
1430
1431
1433
1431
1432
1431
1430
1432
1429
1429
1431
1432
1431
1430
1431
1431
1431
1432
1432
1429
1431
1430
1431
1432
1432
1432
1429
1432
1430
1431
1429
1429
1432
1431
1434
1430
1433
1431
1431
1430
1426
1426
1437
1433
1430
1442
1433
1429
1428
1424
1428
1429
1430
1435
1436
1434
1428
1431
1430
1425
1424
1431
1434
1434
1427
1428
1432
1435
1417
1447
1433
1434
1430
1428
1429
1427
1426
1424
1437
1437
1433
1429
1435
1429
1426
1426
1429
1432
1428
1430
1435
1432
1432
1431
1429
1430
1428
1428
1430
1433
1433
1433
1432
1432
1431
1429
1429
1429
1431
1430
1431
1433
1432
1430
1428
1429
1427
1432
1431
1431
1430
1432
1431
1433
1432
1430
1430
1430
1429
1430
1432
1434
1431
1432
1432
1430
1430
1429
1430
1430
1431
1430
1432
1429
1429
1429
1432
1430
1428
1430
1432
1431
1432
1431
1431
1430
1427
1429
1427
1429
1429
1433
1433
1430
1431
1430
1431
1430
1429
1428
1432
1431
1430
1432
1429
1432
1431
1429
1432
1431
1435
1432
1478
1527
1584
1596
1602
1605
1618
1640
1656
1669
1678
1693
1706
1729
1748
1771
1790
1810
1833
1869
1892
1917
1955
1959
1997
1985
2039
2087
2117
2134
2171
2195
2235
2278
2283
2315
2314
2353
2361
2389
2410
2424
2433
2446
2452
2459
2494
2508
2547
2583
2607
2651
2677
2698
2741
2738
2754
2744
2778
2757
2782
2786
2811
2816
2830
2829
2824
2812
2822
2824
2836
2848
2847
2839
2817
2799
2762
2735
2696
2643
2586
2525
2469
2417
2356
2300
2246
2177
2101
2029
1973
1912
1856
1797
1732
1662
1600
1541
1495
1457
1428
1416
1410
1410
1410
1407
1409
1411
1406
1412
1402
1406
1408
1401
1409
1403
1406
1403
1405
1399
1401
1401
1404
1405
1407
1406
1409
1412
1409
1406
1408
1406
1409
1412
1410
1414
1412
1410
1414
1409
1414
1400
1448
1382
1448
1415
1399
1444
1417
1423
1412
1429
1394
1431
1402
1423
1414
1421
1410
1426
1406
1426
1409
1420
1415
1423
1415
1417
1415
1415
1416
1415
1416
1415
1416
1417
1419
1418
1415
1416
1412
1415
1413
1416
1415
1418
1413
1418
1417
1415
1414
1417
1416
1414
1417
1416
1414
1418
1417
1415
1414
1414
1417
1416
1417
1415
1418
1412
1417
1412
1417
1417
1415
1417
1416
1415
1415
1415
1416
1416
1417
1414
1415
1417
1415
1415
1415
1414
1413
1416
1413
1417
1414
1415
1414
1413
1415
1415
1417
1415
1416
1415
1415
1417
1412
1414
1414
1415
1415
1415
1414
1417
1412
1415
1413
1416
1418
1413
1417
1412
1416
1405
1413
1420
1401
1422
1421
1423
1416
1414
1417
1415
1404
1412
1414
1419
1418
1413
1416
1417
1414
1410
1409
1414
1414
1415
1417
1420
1418
1414
1410
1413
1413
1412
1411
1417
1414
1418
1415
1414
1414
1413
1414
1415
1416
1415
1416
1415
1415
1413
1414
1415
1415
1415
1415
1415
1415
1414
1413
1415
1415
1414
1415
1414
1414
1415
1413
1414
1414
1416
1416
1420
1408
1414
1411
1423
1401
1427
1409
1423
1408
1415
1414
1417
1409
1415
1416
1416
1412
1416
1415
1418
1413
1410
1411
