1497
1497
1494
1495
1495
1497
1494
1495
1495
1497
1498
1499
1498
1498
1496
1495
1497
1497
1494
1498
1498
1499
1497
1499
1497
1497
1495
1496
1497
1496
1498
1497
1499
1496
1498
1499
1498
1497
1498
1495
1496
1497
1497
1496
1496
1498
1498
1497
1497
1498
1494
1497
1494
1499
1497
1497
1494
1495
1498
1497
1498
1500
1498
1497
1496
1496
1498
1496
1495
1495
1498
1495
1499
1498
1499
1496
1499
1495
1496
1498
1499
1498
1499
1497
1495
1497
1497
1495
1494
1498
1498
1498
1764
1839
1989
1971
2052
2076
2118
2103
2117
2117
2141
2157
2158
2203
2236
2247
2288
2277
2349
2338
2368
2393
2410
2474
2614
2479
2592
2556
2650
2573
3205
2649
2795
2610
2626
2491
2347
2185
2064
1980
1855
1762
1667
1593
1500
1431
1442
1470
1496
1466
1466
1468
1447
1408
1417
1446
1451
1476
1488
1510
1493
1525
1500
1498
1462
1477
1433
1544
1503
1483
1501
1464
1512
1460
1463
1462
1489
1490
1496
1489
1494
1488
1481
1459
1469
1484
1478
1484
1496
1494
1491
1479
1472
1476
1474
1475
1481
1492
1498
1493
1479
1487
1474
1469
1472
1479
1487
1496
1487
1496
1485
1478
1468
1471
1475
1483
1489
1492
1497
1489
1482
1475
1474
1473
1476
1479
1490
1493
1492
1485
1479
1476
1470
1472
1477
1485
1488
1489
1487
1487
1477
1477
1475
1478
1477
1484
1483
1489
1486
1484
1481
1476
1477
1477
1482
1482
1488
1486
1486
1483
1481
1479
1477
1478
1482
1480
1483
1487
1486
1483
1480
1479
1477
1478
1479
1481
1482
1483
1457
1533
1460
1476
1498
1478
1491
1473
1485
1490
1489
1479
1482
1476
1484
1473
1480
1479
1485
1483
1477
1485
1481
1483
1477
1480
1482
1480
1480
1482
1485
1484
1481
1481
1484
1483
1483
1484
1481
1484
1485
1482
1479
1478
1482
1481
1480
1482
1484
1481
1484
1485
1482
1485
1478
1479
1483
1482
1481
1483
1480
1482
1481
1477
1481
1481
1480
1484
1485
1480
1485
1478
1483
1481
1480
1482
1482
1482
1482
1480
1484
1481
1480
1481
1479
1485
1478
1483
1481
1482
1483
1482
1480
1481
1483
1481
1481
1481
1484
1477
1481
1485
1480
1482
1481
1546
1621
1647
1684
1700
1732
1759
1756
1802
1797
1824
1855
1878
1904
1929
1964
1966
1992
2043
2072
2077
2126
2149
3005
2340
2535
2258
2264
2196
2053
1882
1777
1727
1672
1606
1549
1525
1510
1462
1439
1422
1429
1408
1421
1422
1448
1446
1434
1432
1435
1424
1430
1412
1437
1433
1452
1481
1442
1460
1469
1466
1489
1490
1417
1470
1472
1481
1442
1476
1434
1459
1444
1462
1461
1456
1474
1456
1467
1457
1461
1448
1456
1453
1461
1460
1461
1466
1463
1458
1449
1455
1456
1453
1455
1461
1461
1466
1460
1459
1458
1454
1453
1454
1458
1461
1463
1460
1462
1458
1456
1453
1453
1458
1454
1460
1462
1465
1462
1459
1452
1454
1456
1454
1457
1461
1463
1462
1459
1458
1455
1455
1453
1458
1458
1459
1462
1462
1461
1455
1456
1456
1456
1453
1457
1459
1459
1463
1458
1458
1456
1455
1456
1453
1427
1514
1438
1455
1473
1460
1461
1435
1454
1462
1464
1456
1461
1470
1470
1448
1445
1458
1456
1450
1452
1467
1468
1461
1456
1458
1456
1452
1448
1452
1465
1463
1460
1464
1464
1458
1450
1452
1454
1458
1455
1461
1464
1462
1459
1455
1454
1456
1452
1456
1459
1464
1462
1462
1459
1456
1455
1451
1453
1458
1461
1458
1460
1463
1457
1456
1455
1456
1456
1457
1458
1462
1461
1457
1459
1457
1453
1456
1453
1455
1458
1462
1459
1458
1459
1457
1457
1454
1456
1457
1459
1455
1463
1458
1457
1458
1455
1455
1455
1457
1460
1459
1461
1459
1724
1693
1820
1823
1869
1870
1891
1907
1920
1934
1925
1926
1933
1936
1967
1976
1988
2012
2022
2020
2037
2052
2076
2125
2142
2153
2163
2194
2180
2196
2206
2223
2247
2257
2257
2237
2195
2141
2069
1982
1878
1785
1694
1616
1540
1489
1458
1444
1425
1414
1412
1416
1397
1402
1390
1411
1414
1423
1425
1424
1429
1432
1433
1431
1435
1432
1434
1436
1436
1437
1434
1437
1439
1446
1452
1441
1436
1429
1434
1457
1414
1456
1422
1436
1435
1442
1436
1439
1435
1435
1440
1436
1439
1436
1439
1437
1437
1437
1434
1437
1434
1436
1437
1439
1436
1440
1438
1435
1436
1434
1433
1436
1435
1436
1439
1434
1438
1439
1435
1437
1436
1438
1439
1436
1437
1439
1438
1437
1439
1436
1438
1432
1431
1439
1438
1438
1437
1437
1435
1432
1434
1436
1436
1438
1437
1437
1436
1437
1436
1437
1438
1435
1437
1439
1440
1434
1434
1435
1435
1434
1437
1439
1433
1436
1434
1435
1436
1436
1435
1432
1437
1410
1453
1454
1409
1460
1440
1427
1435
1434
1431
1441
1432
1438
1443
1444
1433
1434
1435
1433
1427
1436
1441
1440
1440
1433
1442
1436
1432
1432
1427
1442
1437
1438
1438
1441
1440
1436
1433
1430
1437
1439
1435
1441
1442
1440
1438
1435
1429
1432
1432
1435
1440
1442
1441
1442
1439
1435
1433
1431
1431
1436
1440
1439
1443
1432
1437
1433
1432
1435
1433
1436
1441
1442
1438
1437
1435
1431
1434
1429
1437
1437
1437
1439
1440
1439
1434
1435
1435
1432
1436
1437
1438
1439
1439
1433
1437
1436
1434
1435
1433
1437
1439
1439
1438
1438
1434
1436
1429
1433
1434
1438
1437
1440
1440
1438
1435
1435
1434
1435
1434
1439
1439
1439
1438
1438
1442
1469
1473
1518
1529
1598
1620
1610
1640
1644
1666
1670
1673
1677
1674
1683
1681
1693
1708
1724
1732
1754
1748
1765
1771
1789
1814
1826
1836
1852
1859
1874
1884
1897
1886
1903
1894
1900
1907
1902
1907
1902
1894
1890
1887
1883
1888
1892
1903
1912
1927
1934
1944
1950
1952
1959
1950
1944
1929
1916
1897
1878
1855
1827
1794
1759
1726
1689
1650
1608
1561
1517
1478
1447
1416
1410
1402
1400
1403
1407
1409
1407
1410
1412
1408
1418
1405
1409
1407
1410
1407
1412
1412
1410
1410
1409
1409
1411
1408
1411
1410
1410
1410
1410
1409
1410
1411
1408
1409
1412
1414
1412
1413
1415
1412
1413
1414
1415
1412
1412
1414
1418
1413
1409
1404
1412
1407
1412
1414
1414
1416
1404
1423
1416
1429
1421
1464
1382
1438
1401
1410
1411
1418
1411
1426
1407
1428
1401
1424
1408
1427
1415
1420
1413
1418
1412
1413
1415
1416
1416
1418
1415
1415
1413
1416
1413
1418
1411
1418
1417
1418
1416
1415
1416
1415
1415
1416
1415
1417
1417
1415
1418
1413
1418
1414
1414
1415
1415
1418
1415
1414
1417
1416
1416
1416
1416
1414
1417
1415
1416
1417
1419
1416
1415
1417
1417
1414
1418
1417
1414
1413
1399
1434
1410
1424
1410
1426
1417
1405
1400
1417
1413
1418
1416
1426
1426
1420
1408
1410
1417
1409
1403
1428
1419
1433
1418
1411
1416
1410
1403
1411
1414
1424
1423
1424
1418
1412
1414
1402
1408
1415
1412
1424
1423
1420
1425
1415
1405
1412
1408
1417
1415
1422
1419
1424
1417
1412
1412
1410
1411
1410
1415
1421
1423
1417
1413
1412
1411
1409
1408
1414
1415
1418
1420
1418
1418
1411
1419
1409
1413
1411
1421
1420
1419
1419
1416
1411
1412
1409
1414
1414
1416
1423
1420
1421
1417
1415
1408
1412
1412
1416
1418
1418
1420
1416
1416
1413
1414
1410
1416
1414
1418
1418
1423
1418
1420
1415
1416
1415
1412
1417
1417
1419
1416
1416
1411
1416
1412
1414
1411
1419
1413
1418
1417
1418
1415
1415
1409
1411
1412
1416
1417
1416
1418
1413
1415
1410
1415
1416
1413
1419
1418
1417
1412
1411
1412
1412
1411
1417
1412
1417
1426
1400
1431
1403
1431
1394
1426
1410
1417
1410
1417
1414
1417
1414
1413
1419
1420
1416
1411
1416
1414
1416
1413
1414
1415
1415
1414
1416
1412
