1499
1501
1499
1500
1501
1503
1500
1499
1503
1504
1504
1499
1497
1501
1497
1503
1501
1499
1500
1501
1504
1500
1496
1500
1499
1502
1502
1501
1502
1499
1493
1497
1498
1495
1497
1498
1503
1502
1506
1509
1510
1507
1508
1497
1497
1489
1496
1499
1502
1506
1505
1508
1503
1498
1496
1492
1493
1496
1502
1509
1509
1509
1505
1497
1492
1495
1492
1499
1501
1509
1509
1569
1595
1608
1601
1597
1588
1595
1582
1589
1602
1618
1635
1657
1704
1757
1800
1819
1841
1859
1864
1877
1878
1897
1925
1958
1990
2025
2054
2112
2160
2199
2227
2242
2252
2259
2285
2316
2360
2373
2471
2484
2540
2557
2601
2639
2670
2702
2741
2759
2756
2765
2785
2815
2855
2907
2950
3009
3055
3080
3143
3197
3235
3244
3277
3276
3291
3319
3346
3376
3420
3462
3503
3543
3563
3586
3622
3649
3666
3679
3720
3753
3752
3752
3773
3763
3795
3804
3795
3817
3818
3811
3811
3809
3814
3819
3826
3832
3834
3813
3839
3838
3840
3818
3853
3839
3839
3808
3826
3802
3783
3755
3693
3529
3276
3010
2751
2510
2276
2063
1879
1723
1599
1521
1505
1483
1487
1478
1488
1491
1492
1494
1487
1488
1481
1484
1483
1483
1489
1489
1490
1491
1492
1485
1483
1483
1485
1484
1488
1491
1491
1490
1487
1485
1485
1482
1483
1486
1488
1488
1487
1487
1485
1484
1485
1485
1485
1486
1488
1488
1490
1486
1485
1490
1566
1589
1646
1355
1514
1499
1484
1501
1619
1078
1701
1581
1411
1567
1459
1487
1444
1525
1488
1453
1501
1482
1496
1993
1247
1550
1324
1575
1424
1507
1486
1542
1808
1364
1491
1452
1528
1555
1377
1450
1455
1527
1424
1564
1528
1492
1524
1480
1525
1487
1522
1495
1505
1508
1504
1504
1500
1500
1500
1499
1503
1510
1505
1509
1505
1510
1495
1507
1493
1507
1501
1506
1509
1509
1498
1505
1500
1500
1499
1507
1503
1504
1507
1503
1505
1500
1504
1502
1500
1504
1505
1504
1502
1504
1504
1503
1503
1502
1502
1503
1504
1507
1503
1506
1503
1501
1501
1503
1502
1503
1525
1531
1512
1511
1519
1522
1520
1517
1517
1517
1522
1522
1527
1522
1521
1519
1518
1523
1522
1526
1530
1530
1535
1539
1530
1523
1516
1512
1510
1507
1502
1495
1493
1485
1484
1479
1480
1479
1478
1481
1483
1484
1482
1482
1480
1483
1480
1479
1478
1481
1482
1483
1479
1482
1483
1482
1481
1480
1481
1482
1482
1481
1482
1481
1482
1481
1482
1478
1480
1480
1481
1482
1482
1482
1481
1481
1482
1481
1483
1482
1481
1482
1482
1480
1480
1481
1480
1479
1481
1481
1480
1482
1480
1482
1480
1481
1480
1479
1481
1482
1482
1480
1482
1482
1482
1475
1484
1478
1479
1481
1484
1480
1479
1478
1478
1482
1483
1482
1482
1485
1481
1481
1477
1482
1477
1476
1477
1483
1482
1480
1481
1483
1482
1482
1477
1479
1482
1482
1479
1482
1483
1482
1481
1478
1478
1486
1475
1483
1485
1482
1481
1482
1482
1479
1479
1481
1483
1480
1482
1482
1482
1479
1482
1480
1483
1482
1483
1480
1483
1483
1482
1479
1478
1481
1477
1483
1481
1484
1478
1482
1483
1479
1479
1482
1478
1481
1481
1481
1483
1480
1479
1482
1482
1477
1482
1481
1477
1482
1481
1481
1483
1481
1477
1483
1481
1479
1481
1478
1481
1481
1480
1483
1483
1482
1481
1475
1482
1481
1480
1482
1483
1481
1483
1482
1480
1480
1480
1479
1482
1478
1484
1478
1480
1483
1613
1639
1654
1669
1728
1722
1723
1690
1681
1676
1672
1683
1703
1737
1776
1827
1875
1931
1983
2033
2073
2120
2154
2192
2220
2271
2312
2359
2383
2441
2488
2541
2599
2644
2723
2785
2848
2899
2927
2974
3075
3098
3173
3197
3234
3264
3293
3332
3363
3397
3416
3433
3464
3492
3525
3539
3584
3622
3608
3644
3714
3721
3770
3764
3809
3823
3836
3847
3863
3886
3914
3940
3952
3987
3994
4013
4022
4050
4067
4070
4083
4084
4084
4084
4084
4084
4086
4086
4084
4084
4086
4085
4085
4084
4086
4084
4083
4084
4084
4083
4084
4084
4085
4086
4084
4084
4087
4083
4085
4084
4084
4084
4084
4085
4072
4028
3935
3804
3640
3477
3286
3044
2803
2605
2416
2263
2123
2016
1916
1831
1759
1687
1607
1552
1512
1481
1472
1458
1467
1462
1466
1465
1464
1461
1460
1461
1459
1459
1461
1464
1466
1467
1467
1464
1463
1462
1461
1461
1463
1462
1465
1463
1464
1462
1462
1464
1461
1462
1462
1461
1466
1464
1465
1461
1461
1460
1459
1461
1465
1462
1464
1464
1466
1462
1462
1460
1462
1462
1463
1463
1464
1460
1463
1461
1461
1463
1462
1463
1463
1464
1464
1463
1461
1464
1462
1461
1459
1463
1464
1461
1464
1462
1460
1461
1461
1462
1462
1461
1458
1462
1462
1461
1462
1458
1464
1459
1461
1463
1459
1464
1461
1464
1462
1460
1461
1463
1461
1463
1462
1461
1462
1458
1460
1463
1461
1461
1462
1461
1462
1462
1463
1461
1461
1462
1462
1463
1461
1461
1460
1462
1461
1461
1461
1463
1461
1462
1458
1460
1459
1462
1461
1462
1460
1462
1459
1464
1463
1462
1462
1461
1462
1461
1462
1462
1459
1462
1461
1462
1461
1458
1460
1457
1462
1459
1461
1463
1460
1461
1465
1459
1456
1458
1460
1461
1463
1463
1461
1463
1460
1459
1460
1460
1457
1461
1462
1463
1460
1465
1460
1462
1460
1456
1466
1458
1464
1464
1460
1458
1459
1455
1459
1458
1459
1457
1465
1473
1459
1453
1472
1459
1456
1451
1461
1465
1466
1462
1467
1467
1460
1457
1455
1461
1457
1457
1456
1464
1462
1461
1461
1459
1458
1458
1460
1461
1460
1463
1459
1463
1457
1460
1459
1460
1462
1462
1461
1465
1463
1456
1462
1461
1459
1459
1462
1461
1463
1462
1460
1461
1458
1458
1460
1460
1462
1462
1457
1462
1461
1462
1458
1458
1463
1461
1461
1461
1461
1458
1461
1460
1462
1457
1457
1462
1460
1457
1462
1459
1462
1461
1460
1459
1455
1462
1462
1461
1456
1471
1573
1598
1686
1692
1715
1715
1702
1686
1660
1631
1615
1614
1626
1650
1690
1747
1799
1834
1857
1871
1883
1895
1897
1906
1909
1922
1943
1974
2015
2064
2096
2136
2163
2190
2214
2226
2271
2281
2302
2335
2377
2399
2415
2441
2468
2494
2526
2549
2574
2624
2672
2701
2717
2729
2746
2767
2786
2827
2848
2872
2936
2992
3056
3106
3161
3187
3203
3215
3211
3212
3217
3227
3241
3256
3261
3278
3290
3299
3306
3301
3318
3330
3340
3351
3359
3372
3375
3379
3387
3398
3411
3415
3418
3419
3501
3491
3563
3551
3575
3561
3575
3566
3551
3540
3521
3502
3492
3492
3481
3478
3476
3482
3489
3488
3484
3487
3484
3483
3482
3483
3487
3500
3510
3519
3527
3535
3544
3550
3555
3560
3559
3561
3568
3582
3580
3596
3585
3601
3596
3597
3601
3600
3599
3600
3598
3594
3591
3589
3586
3587
3585
3580
3576
3574
3573
3569
3562
3553
3540
3524
3502
3474
3441
3403
3358
3289
3123
2938
2740
2548
2379
2229
2102
1974
1869
1780
1715
1653
1561
1555
1467
1460
1447
1443
1446
1441
1451
1448
1447
1446
1444
1435
1451
1442
1447
1444
1443
1447
1444
1444
1447
1444
1445
1446
1445
1445
1445
1445
1447
1447
1447
1444
1441
1444
1443
1446
1446
1446
1445
1448
1444
1444
1445
1443
1445
1446
1445
1447
1443
1443
1443
1445
1444
1447
1445
1447
1448
1445
1444
1442
1442
1442
1443
1445
1446
1448
1448
1444
1444
1443
1443
1442
1445
1444
1448
1445
1449
1446
1445
1444
1446
1443
1442
1446
1444
1446
1447
1443
1445
1443
1442
1441
1445
1451
1447
1449
1447
1445
1441
1438
1436
1443
1444
1446
1449
1450
1451
1441
1436
1438
1437
1437
1446
1452
1454
1455
1449
1446
1443
1437
1436
1441
1442
1447
1451
1452
1451
1447
1444
1438
1439
1440
1441
1445
1448
1444
1448
1442
1442
1442
1435
1443
1444
1454
1454
1452
1451
1444
1438
1434
1436
1441
1442
1449
1451
1455
1446
1445
1438
1437
1436
1440
1437
1463
1439
1451
1449
1444
1441
1437
1441
1443
1444
1445
1449
1447
1449
1439
1441
1440
1437
1440
1447
1449
1448
1446
1448
1443
1442
1438
1441
1439
1444
1444
1449
1449
1442
1442
1440
1444
1442
1443
1446
1444
1447
1446
1446
1442
1442
1440
1444
1444
1440
1445
1443
1447
1444
1446
1436
1443
1443
1445
1442
1446
1442
1441
1444
1442
1443
1440
1444
1445
1446
1445
1446
1445
1441
1445
1443
1440
1443
1443
1443
1442
1446
1441
1447
1441
1444
1442
1441
1446
1438
1448
1445
1443
1446
1442
1444
1615
1522
1590
1541
1571
1546
1552
1534
1545
1570
1611
1632
1666
1721
1753
1783
1799
1812
1814
1818
1823
1835
1854
1887
1948
2001
2042
2087
2116
2131
2157
2190
2228
2267
2305
2358
2401
2445
2495
2553
2610
2672
2727
2773
2811
2849
2882
2915
2971
3010
3042
3078
3100
3139
3188
3229
3273
3315
3361
3399
3409
3457
3457
3497
3437
3540
3516
3541
3542
3550
3567
3574
3587
3598
3611
3622
3635
3640
3652
3651
3682
3675
3686
3693
3697
3703
3709
3712
3714
3718
3721
3725
3735
3739
3744
3742
3752
3753
3754
3753
3766
3761
3769
3778
3779
3792
3801
3801
3807
3809
3803
3802
3805
3808
3812
3818
3824
3830
3826
3854
3855
3854
3876
3880
3896
3908
3908
3907
3914
3919
3915
3907
3899
3882
3870
3855
3841
3826
3807
3787
3765
3738
3709
3658
3551
3323
3021
2738
2454
2218
1990
1783
1634
1567
1477
1416
1410
1386
1385
1391
1423
1405
1413
1414
1411
1415
1417
1414
1415
1415
1414
1417
1425
1411
1415
1418
1426
1420
1413
1416
1416
1416
1415
1414
1421
1424
1413
1422
1414
1418
1414
1414
1416
1416
1416
1416
1417
1419
1417
1411
1416
1413
1416
1418
1420
1417
1420
1416
1418
1414
1416
1416
1418
1416
1419
1420
1419
1418
1417
1417
1416
1415
1416
1418
1416
1417
1419
1417
1416
1415
1417
1416
1414
1414
1417
1415
1415
1415
1415
1414
1414
1414
1416
1416
1418
1417
1418
1419
1418
1417
1416
1415
1415
1415
1417
1418
1415
1417
1418
1415
1417
1413
1413
1413
1412
1414
1417
1415
1414
1418
1417
1416
1415
1413
1416
1414
1417
1417
1421
1419
1418
1418
1417
1417
1414
1415
1413
1415
1415
1417
1418
1417
1417
1416
1418
1414
1419
1416
1416
1418
1417
1419
1417
1417
1413
1416
1414
1420
1408
1430
1411
1424
1411
1422
1419
1409
1411
1414
1417
1417
1415
1418
1419
1418
1415
1413
1419
1417
1413
1418
1418
1417
1414
1415
1419
1418
1416
1414
1416
1415
1416
1413
1413
1415
1415
1416
1418
1417
1419
1416
1418
1414
1413
1411
1414
1418
1414
1418
1418
1416
