3906
3904
3907
3908
3909
3910
3910
3912
3909
3920
3935
3955
3974
3972
4000
4025
4033
4043
4046
4050
4052
4049
4034
4022
4015
4009
3990
3967
3943
3912
3874
3783
3684
3545
3329
2987
2665
2474
2162
1939
1739
1575
1520
1487
1480
1483
1499
1491
1493
1494
1491
1488
1484
1485
1487
1490
1488
1491
1493
1494
1491
1486
1486
1488
1484
1489
1492
1493
1492
1492
1490
1488
1483
1484
1484
1490
1488
1489
1491
1490
1488
1487
1485
1482
1487
1487
1487
1486
1490
1488
1484
1488
1488
1486
1485
1489
1489
1489
1490
1487
1486
1488
1487
1488
1489
1491
1487
1488
1487
1488
1488
1487
1486
1489
1486
1488
1488
1488
1488
1486
1485
1485
1488
1486
1487
1488
1489
1488
1486
1487
1488
1487
1488
1487
1487
1486
1488
1485
1487
1487
1485
1486
1486
1489
1485
1487
1488
1485
1487
1486
1486
1486
1487
1486
1487
1485
1487
1486
1484
1486
1485
1484
1486
1488
1486
1486
1487
1484
1486
1483
1486
1487
1487
1485
1485
1489
1484
1487
1486
1483
1485
1486
1485
1485
1487
1488
1485
1482
1484
1487
1487
1483
1485
1487
1488
1483
1485
1484
1488
1484
1485
1482
1488
1485
1484
1486
1484
1484
1484
1488
1484
1486
1484
1485
1490
1486
1482
1488
1488
1483
1485
1487
1486
1484
1483
1485
1488
1484
1484
1483
1490
1486
1482
1485
1489
1486
1484
1483
1486
1481
1474
1507
1473
1491
1492
1483
1484
1484
1480
1478
1486
1488
1492
1486
1489
1483
1483
1481
1479
1486
1487
1488
1485
1488
1489
1482
1479
1482
1485
1486
1484
1486
1487
1487
1483
1483
1483
1485
1481
1483
1488
1490
1487
1486
1486
1484
1483
1484
1484
1546
1535
1616
1534
1567
1541
1553
1545
1542
1530
1537
1551
1573
1601
1629
1643
1663
1695
1701
1718
1727
1745
1745
1750
1751
1773
1785
1785
1826
1866
1911
1949
1965
2008
2056
2096
2162
2194
2295
2336
2408
2451
2502
2571
2638
2722
2714
2747
2763
2833
2884
2958
2989
3057
3115
3178
3263
3318
3350
3393
3460
3498
3561
3596
3653
3696
3771
3782
3831
3836
3871
3873
3893
3908
3941
3972
3990
4012
4025
4044
4072
4085
4083
4084
4085
4084
4083
4083
4084
4083
4084
4085
4085
4086
4085
4085
4085
4084
4086
4085
4087
4085
4084
4084
4087
4086
4085
4084
4086
4085
4086
4086
4084
4084
4084
4086
4084
4083
4085
4088
4088
4083
4091
4086
4084
4086
4084
4087
4024
3878
3686
3371
2988
2600
2235
1898
1601
1486
1439
1457
1459
1456
1467
1477
1470
1473
1465
1454
1459
1452
1453
1462
1469
1476
1469
1470
1466
1461
1456
1458
1460
1466
1467
1471
1470
1469
1460
1456
1455
1455
1460
1465
1471
1469
1469
1466
1464
1459
1458
1456
1460
1464
1467
1467
1464
1464
1462
1456
1461
1458
1463
1464
1469
1470
1467
1466
1463
1461
1454
1460
1463
1462
1465
1467
1466
1465
1463
1462
1457
1459
1459
1460
1467
1467
1466
1464
1463
1460
1458
1461
1463
1463
1465
1466
1466
1462
1461
1459
1460
1463
1464
1467
1463
1464
1462
1464
1462
1462
1459
1464
1463
1465
1464
1463
1463
1463
1462
1462
1461
1463
1463
1461
1461
1463
1465
1464
1463
1462
1465
1461
1461
1462
1466
1465
1465
1462
1464
1464
1462
1462
1459
1461
1463
1462
1464
1461
1461
1462
1460
1463
1462
1466
1461
1455
1474
1454
1463
1464
1462
1459
1459
1466
1459
1465
1464
1465
1464
1462
1459
1462
1462
1461
1464
1465
1465
1461
1464
1461
1459
1461
1456
1474
1462
1463
1463
1479
1455
1452
1470
1458
1458
1462
1468
1458
1471
1456
1456
1466
1461
1457
1463
1468
1460
1466
1460
1463
1461
1460
1458
1462
1462
1464
1462
1464
1465
1460
1460
1460
1459
1460
1464
1464
1462
1464
1464
1456
1462
1459
1462
1461
1465
1461
1466
1461
1462
1462
1461
1459
1462
1461
1465
1460
1465
1462
1462
1460
1460
1461
1461
1500
1509
1512
1507
1513
1517
1524
1530
1543
1581
1615
1650
1674
1643
1779
1716
1788
1791
1808
1830
1861
1897
1935
1966
2040
2080
2140
2190
2216
2310
2349
2470
2516
2598
2654
2701
2735
2761
2806
2857
2878
2885
2947
3023
3111
3119
3282
3299
3396
3445
3478
3527
3565
3606
3635
3659
3700
3753
3807
3852
3900
3932
3958
3994
3999
4016
4032
4048
4063
4072
4085
4083
4083
4083
4083
4084
4084
4084
4083
4083
4084
4085
4084
4085
4082
4083
4083
4084
4083
4084
4084
4084
4084
4083
4084
4072
4023
3968
3810
3574
3333
3056
2689
2346
2058
1788
1574
1457
1443
1430
1434
1438
1436
1449
1439
1444
1422
1436
1424
1433
1430
1443
1440
1446
1441
1437
1434
1431
1427
1430
1432
1438
1441
1439
1441
1437
1433
1432
1429
1433
1434
1437
1441
1442
1440
1433
1433
1432
1429
1432
1437
1437
1440
1440
1441
1434
1435
1431
1434
1435
1433
1436
1438
1438
1438
1436
1434
1432
1435
1432
1435
1437
1438
1439
1438
1434
1434
1432
1433
1435
1438
1436
1437
1437
1437
1436
1435
1432
1434
1436
1437
1437
1435
1436
1437
1435
1433
1435
1437
1436
1436
1436
1437
1436
1435
1435
1432
1436
1432
1437
1437
1436
1437
1437
1436
1436
1428
1436
1435
1437
1436
1438
1437
1430
1437
1432
1432
1433
1430
1433
1437
1440
1438
1434
1435
1432
1433
1433
1435
1436
1436
1439
1434
1437
1436
1432
1434
1431
1430
1436
1429
1441
1440
1431
1432
1432
1435
1430
1436
1436
1438
1440
1436
1436
1431
1436
1431
1435
1434
1434
1435
1436
1440
1436
1435
1433
1433
1431
1432
1435
1441
1430
1436
1437
1439
1431
1430
1433
1434
1435
1435
1429
1438
1436
1435
1432
1437
1432
1432
1432
1438
1434
1436
1430
1432
1435
1436
1432
1436
1435
1433
1436
1434
1437
1431
1435
1434
1436
1436
1431
1436
1478
1488
1531
1532
1543
1540
1536
1545
1541
1529
1518
1512
1518
1526
1536
1557
1575
1579
1596
1615
1696
1670
1685
1666
1685
1688
1703
1732
1741
1746
1769
1781
1784
1845
1839
1885
1882
1922
1918
1967
1961
1977
1999
2039
2058
2078
2120
2135
2150
2157
2213
2141
2282
2297
2388
2421
2421
2479
2500
2532
2543
2572
2598
2639
2677
2734
2780
2816
2852
2882
2898
2911
2916
2928
2954
2964
2979
2993
3009
3037
3064
3087
3122
3130
3172
3185
3217
3237
3262
3273
3297
3314
3329
3347
3363
3385
3392
3405
3413
3427
3440
3447
3465
3481
3485
3520
3503
3543
3529
3566
3574
3584
3598
3612
3624
3640
3653
3662
3672
3685
3696
3711
3726
3739
3755
3775
3787
3796
3808
3817
3840
3843
3855
3860
3870
3882
3882
3892
3893
3898
3898
3893
3889
3883
3878
3872
3864
3854
3845
3825
3790
3752
3710
3660
3608
3553
3494
3434
3323
3173
3021
2813
2593
2346
2128
1925
1741
1574
1464
1439
1397
1419
1414
1419
1419
1424
1424
1422
1415
1419
1415
1417
1414
1420
1421
1422
1421
1419
1419
1418
1414
1416
1415
1419
1421
1420
1423
1422
1418
1418
1415
1414
1414
1418
1419
1422
1420
1420
1416
1415
1417
1415
1416
1416
1419
1421
1420
1420
1419
1415
1417
1418
1416
1418
1421
1420
1421
1418
1420
1418
1417
1416
1418
1420
1418
1419
1420
1420
1418
1418
1416
1418
1416
1417
1421
1417
1417
1419
1418
1417
1420
1416
1416
1419
1418
1419
1417
1419
1419
1416
1419
1420
1421
1417
1418
1419
1419
1419
1419
1421
1417
1419
1416
1420
1418
1418
1420
1416
1416
1418
1415
1417
1416
1419
1419
1420
1417
1420
1417
1419
1417
1419
1419
1416
1417
1416
1420
1418
1420
1416
1419
1419
1418
1420
1418
1419
1417
1417
1415
1417
1415
1418
1418
1418
1420
1416
1416
1418
1417
1418
1419
1418
1419
1417
1416
1417
1416
1416
1418
1416
1420
1417
1419
1419
1418
1417
1417
1415
1416
1417
1416
1421
1416
1419
1417
1419
1419
1419
1418
1414
1414
1413
1425
1419
1410
1425
1418
1416
1418
1411
1420
1420
1414
1413
1423
1424
1412
1416
1415
1418
1419
1415
1419
1421
1419
1417
1419
1415
1416
1415
1418
1418
1421
1415
1420
1413
1416
1418
1407
1425
1420
1423
1410
1421
1420
1416
1409
1416
1418
1420
1418
1422
1420
1420
1415
1414
1415
1419
1414
1416
1421
1424
1419
1418
1417
1418
1417
1416
1419
1419
1423
1419
1419
1417
1415
1411
1414
1414
1416
1412
1426
1417
1424
1415
1417
1415
1416
1415
1415
1413
1419
1417
1420
1414
1416
1415
1412
