1464
1464
1465
1462
1462
1460
1459
1458
1457
1446
1442
1446
1450
1477
1486
1492
1486
1430
1546
1754
1552
1650
1675
1716
1503
1439
1540
1595
1552
1601
1698
1733
1658
1603
1591
1609
1627
1638
1689
1799
1834
1757
1904
1850
1873
1834
1873
1895
1943
1950
1978
1986
1987
1983
1993
2009
2039
2080
2126
2162
2151
2112
2121
2133
2379
2360
2445
2458
2484
2495
2540
2556
2516
2472
2460
2486
2517
2543
2572
2604
2618
2629
2664
2699
2729
2793
2815
2782
2826
2939
2963
2985
3030
3027
3045
3052
3045
3033
3022
3009
2997
2999
3017
3038
3073
3100
3121
3135
3153
3161
3155
3152
3155
3164
3157
3137
3123
3113
3108
3098
3087
3062
3037
3000
2962
2914
2859
2759
2624
2459
2282
2102
1927
1766
1617
1517
1496
1435
1435
1438
1438
1438
1433
1441
1437
1435
1434
1433
1438
1433
1438
1435
1439
1435
1436
1438
1432
1432
1431
1433
1437
1439
1436
1437
1434
1435
1435
1434
1433
1431
1436
1435
1436
1432
1434
1433
1432
1429
1434
1436
1431
1435
1433
1434
1435
1433
1432
1435
1429
1434
1434
1432
1434
1433
1436
1435
1431
1430
1431
1433
1434
1433
1436
1432
1435
1433
1436
1433
1434
1431
1433
1433
1434
1430
1432
1435
1434
1431
1431
1434
1436
1431
1435
1435
1430
1428
1431
1432
1430
1433
1434
1434
1430
1433
1432
1428
1435
1433
1430
1432
1435
1431
1434
1434
1430
1431
1433
1434
1433
1431
1433
1432
1435
1430
1434
1431
1431
1430
1434
1429
1431
1435
1432
1434
1428
1435
1431
1435
1433
1434
1432
1433
1434
1432
1432
1433
1429
1434
1431
1433
1432
1436
1433
1428
1430
1433
1430
1433
1433
1430
1433
1434
1435
1435
1435
1436
1436
1436
1432
1434
1431
1433
1433
1433
1433
1434
1432
1434
1431
1434
1433
1433
1432
1435
1434
1434
1434
1432
1435
1434
1432
1435
1435
1434
1433
1433
1432
1433
1432
1433
1439
1428
1431
1436
1429
1431
1430
1435
1431
1436
1431
1435
1435
1433
1428
1435
1435
1434
1434
1435
1431
1436
1430
1431
1428
1431
1431
1434
1434
1436
1436
1433
1433
1435
1429
1430
1432
1430
1429
1434
1433
1435
1435
1433
1433
1431
1433
1434
1455
1459
1469
1474
1476
1477
1468
1462
1458
1458
1459
1462
1465
1475
1490
1506
1525
1540
1557
1564
1578
1588
1594
1604
1613
1626
1639
1650
1660
1669
1685
1704
1725
1753
1775
1800
1817
1840
1857
1882
1902
1932
1953
1873
1930
1985
2030
2064
2092
2081
2178
2174
2249
2263
2306
2340
2376
2398
2423
2438
2440
2440
2444
2469
2502
2547
2585
2602
2650
2660
2689
2756
2791
2852
2881
2927
2978
2977
2993
2947
2923
2932
2927
2952
2957
3033
3035
3077
3093
3123
3121
3107
3087
3081
3077
3085
3106
3127
3143
3148
3150
3154
3147
3143
3121
3084
3043
2999
2954
2892
2822
2725
2603
2448
2273
2097
1939
1794
1693
1648
1541
1490
1450
1436
1428
1428
1422
1425
1426
1427
1428
1427
1432
1430
1429
1425
1429
1427
1424
1427
1427
1426
1426
1427
1427
1424
1427
1423
1426
1426
1428
1428
1426
1428
1427
1425
1424
1426
1424
1424
1424
1426
1425
1425
1424
1425
1426
1428
1425
1426
1425
1425
1423
1423
1428
1425
1428
1426
1423
1423
1426
1422
1425
1425
1427
1425
1427
1426
1422
1423
1423
1424
1425
1425
1422
1427
1427
1424
1426
1427
1425
1426
1423
1425
1424
1424
1424
1427
1425
1425
1424
1423
1423
1424
1424
1424
1423
1426
1425
1425
1424
1426
1425
1427
1426
1425
1425
1423
1422
1424
1421
1426
1426
1426
1426
1425
1424
1425
1421
1424
1422
1424
1423
1424
1425
1425
1427
1427
1426
1420
1424
1422
1424
1424
1424
1425
1422
1427
1421
1422
1424
1422
1425
1417
1422
1425
1425
1421
1427
1428
1432
1432
1429
1425
1423
1420
1417
1420
1421
1426
1427
1431
1428
1427
1424
1420
1420
1422
1419
1427
1427
1429
1427
1423
1423
1431
1418
1424
1422
1422
1431
1421
1426
1427
1428
1423
1421
1418
1424
1420
1424
1428
1428
1428
1424
1424
1427
1424
1424
1425
1427
1426
1425
1421
1423
1425
1424
1422
1421
1424
1425
1424
1426
1427
1423
1423
1425
1419
1425
1424
1424
1423
1424
1426
1426
1425
1423
1417
1424
1423
1421
1425
1425
1428
1420
1424
1423
1425
1422
1421
1422
1425
1425
1423
1425
1425
1425
1423
1424
1422
1419
1422
1419
1421
1423
1425
1424
1426
1425
1422
1424
1424
1426
1423
1423
1425
1424
1425
1438
1451
1454
1474
1473
1502
1511
1528
1535
1546
1555
1565
1582
1592
1609
1617
1632
1645
1661
1680
1695
1706
1720
1730
1742
1753
1774
1795
1815
1836
1861
1879
1901
1919
1936
1956
1978
2008
2031
2055
2084
2110
1883
2204
2123
2269
2237
2278
2278
2309
2326
2343
2366
2373
2404
2420
2420
2386
2447
2545
2565
2656
2665
2699
2726
2739
2759
2784
2805
2806
2813
2827
2846
2864
2884
2898
2917
2898
2875
2931
2956
2988
2996
3040
3060
3108
3136
3117
3142
3117
3004
3156
3147
3169
3143
3152
3149
3163
3176
3176
3167
3147
3131
3123
3111
3104
3089
3066
3034
3005
2975
2939
2904
2854
2799
2730
2646
2546
2436
2321
2201
2085
1972
1859
1756
1660
1576
1503
1428
1430
1409
1424
1414
1422
1416
1429
1421
1422
1421
1413
1418
1419
1419
1422
1422
1421
1420
1422
1419
1417
1416
1416
1419
1423
1420
1419
1421
1419
1421
1419
1419
1418
1423
1419
1420
1418
1420
1420
1418
1419
1419
1420
1422
1421
1423
1418
1424
1420
1417
1422
1414
1416
1417
1425
1421
1425
1426
1433
1405
1431
1403
1430
1401
1423
1415
1415
1426
1443
1434
1407
1409
1410
1394
1381
1416
1442
1448
1437
1436
1432
1412
1391
1388
1404
1421
1428
1432
1445
1441
1423
1403
1400
1402
1406
1409
1429
1440
1441
1428
1417
1410
1401
1398
1408
1417
1432
1433
1437
1433
1423
1409
1402
1404
1410
1417
1427
1432
1434
1426
1416
1405
1408
1413
1413
1416
1432
1436
1424
1414
1423
1418
1407
1407
1413
1423
1422
1424
1419
1430
1421
1412
1408
1417
1419
1415
1416
1429
1426
1422
1411
1417
1413
1414
1415
1421
1427
1423
1421
1419
1418
1415
1411
1414
1419
1420
1420
1420
1420
1417
1412
1418
1412
1422
1414
1425
1420
1424
1420
1417
1414
1414
1413
1413
1419
1422
1418
1429
1424
1414
1419
1422
1415
1408
1418
1423
1421
1413
1421
1418
1417
1415
1416
1417
1421
1422
1414
1419
1417
1418
1412
1416
1418
1420
1418
1422
1420
1419
1417
1415
1410
1417
1417
1419
1422
1425
1421
1423
1418
1419
1411
1412
1412
1412
1409
1411
1419
1421
1422
1425
1414
1427
1414
1416
1405
1425
1408
1421
1409
1430
1419
1417
1416
1417
1415
1415
1410
1420
1422
1418
1416
1418
1418
1419
1409
1418
1418
1418
1420
1418
1421
1418
1419
1409
1414
1419
1415
1416
1417
1417
1418
1418
1419
1418
1408
1417
1416
1419
1421
1414
1416
1419
1417
1412
1417
1418
1419
1419
1419
1421
1416
