1441
1440
1441
1444
1443
1443
1443
1443
1443
1440
1441
1443
1438
1439
1439
1439
1439
1441
1441
1441
1439
1442
1439
1441
1439
1438
1438
1442
1435
1437
1439
1441
1440
1436
1438
1440
1438
1437
1443
1439
1443
1441
1461
1459
1460
1461
1471
1474
1474
1483
1498
1535
1527
1506
1524
1540
1623
1652
1641
1642
1624
1649
1663
1677
1683
1688
1689
1696
1713
1736
1750
1765
1776
1790
1805
1824
1853
1878
1909
1935
1914
1985
1982
1956
1998
1983
2036
2012
2058
2066
2093
2096
2132
2142
2159
2193
2244
2253
2271
2313
2340
2368
2377
2428
2413
2521
2516
2632
2686
2776
2786
2836
2838
2891
2919
2960
3004
3026
3047
3073
3072
3083
3094
3111
3121
3164
3193
3237
3258
3266
3286
3294
3312
3306
3272
3225
3181
3133
3088
3033
2928
2802
2659
2492
2309
2123
1941
1794
1656
1557
1481
1460
1434
1435
1440
1439
1440
1435
1441
1439
1436
1433
1436
1435
1437
1437
1437
1435
1437
1437
1435
1436
1437
1433
1438
1438
1437
1436
1434
1435
1436
1437
1436
1436
1436
1436
1436
1435
1434
1437
1436
1436
1437
1439
1436
1437
1436
1433
1436
1434
1436
1432
1434
1436
1433
1437
1435
1434
1437
1433
1435
1433
1436
1435
1438
1434
1435
1437
1435
1435
1434
1433
1435
1434
1437
1435
1435
1435
1436
1434
1436
1431
1436
1435
1435
1433
1436
1434
1436
1434
1433
1433
1433
1436
1433
1434
1434
1434
1434
1433
1435
1431
1435
1434
1437
1434
1438
1433
1435
1432
1432
1432
1430
1435
1436
1439
1433
1437
1433
1432
1430
1432
1433
1435
1432
1437
1436
1434
1433
1432
1437
1432
1437
1435
1436
1434
1434
1431
1433
1435
1436
1433
1434
1436
1435
1434
1434
1435
1434
1436
1435
1431
1434
1433
1433
1426
1427
1428
1431
1438
1442
1443
1442
1439
1433
1431
1424
1430
1433
1437
1437
1438
1436
1436
1432
1427
1427
1440
1430
1444
1429
1444
1435
1434
1431
1432
1432
1434
1432
1433
1438
1434
1432
1433
1433
1433
1430
1434
1435
1435
1434
1435
1434
1436
1434
1433
1434
1434
1434
1434
1436
1435
1434
1434
1434
1434
1433
1430
1434
1437
1434
1432
1436
1434
1434
1434
1432
1431
1432
1437
1434
1436
1433
1435
1433
1433
1434
1433
1434
1435
1433
1435
1434
1432
1432
1433
1432
1434
1433
1435
1435
1435
1431
1436
1432
1434
1433
1432
1432
1433
1432
1435
1434
1436
1434
1434
1434
1433
1432
1436
1433
1434
1432
1434
1433
1434
1435
1434
1434
1435
1434
1432
1435
1435
1433
1437
1434
1433
1432
1432
1436
1434
1451
1454
1452
1458
1446
1441
1462
1452
1453
1456
1466
1479
1498
1509
1521
1529
1541
1570
1574
1579
1576
1576
1585
1599
1612
1643
1634
1708
1661
1740
1763
1814
1767
1822
1804
1819
1814
1839
1857
1883
1909
1922
1934
2021
2019
2056
2124
2148
2195
2183
2194
2228
2250
2242
2300
2279
2318
2348
2382
2389
2432
2344
2463
2507
2641
2692
2686
2709
2732
2746
2751
2755
2740
2740
2742
2762
2788
2830
2857
2879
2890
2812
2988
2952
3106
3037
3089
3096
3132
3156
3148
3145
3129
3105
3059
3011
2957
2920
2881
2844
2792
2725
2622
2526
2406
2288
2159
2025
1894
1773
1657
1571
1489
1436
1443
1433
1436
1426
1432
1430
1433
1429
1432
1432
1426
1430
1429
1430
1429
1432
1434
1431
1429
1428
1431
1430
1427
1430
1431
1430
1432
1431
1431
1426
1427
1428
1426
1431
1431
1425
1428
1429
1427
1429
1428
1429
1430
1429
1427
1431
1427
1429
1431
1428
1426
1428
1429
1427
1429
1427
1430
1428
1428
1429
1430
1425
1428
1427
1431
1426
1426
1424
1426
1428
1428
1425
1429
1425
1429
1430
1428
1429
1429
1427
1429
1426
1430
1425
1425
1424
1424
1424
1429
1425
1423
1427
1431
1434
1428
1431
1433
1429
1424
1425
1426
1425
1429
1426
1429
1427
1426
1427
1427
1428
1426
1426
1426
1431
1424
1422
1425
1424
1424
1434
1440
1436
1431
1431
1423
1419
1416
1421
1422
1431
1429
1434
1429
1431
1426
1422
1422
1422
1427
1428
1430
1430
1429
1427
1427
1426
1424
1429
1426
1427
1431
1428
1429
1425
1426
1426
1427
1423
1426
1428
1426
1427
1428
1429
1427
1427
1425
1423
1426
1425
1428
1429
1429
1429
1427
1426
1423
1426
1427
1428
1426
1428
1428
1427
1427
1425
1427
1426
1429
1430
1427
1426
1427
1425
1424
1425
1427
1427
1427
1428
1426
1429
1429
1427
1426
1427
1426
1427
1427
1426
1428
1429
1426
1428
1428
1427
1426
1424
1426
1425
1426
1427
1428
1426
1427
1425
1424
1426
1426
1428
1426
1428
1429
1426
1428
1426
1426
1427
1426
1425
1429
1427
1426
1425
1427
1426
1444
1452
1473
1501
1507
1511
1523
1536
1539
1547
1557
1576
1577
1581
1591
1581
1626
1618
1646
1655
1653
1691
1670
1738
1744
1784
1791
1827
1847
1856
1853
1847
1873
1906
1929
1927
1936
1960
1985
2011
2037
2063
2090
2111
2120
2150
2178
2205
2233
2266
2297
2318
2320
2372
2371
2408
2432
2457
2468
2513
2535
2452
2529
2493
2574
2525
2519
2603
2710
2830
2863
2842
2854
2850
2842
2826
2799
2802
2809
2842
2881
2930
2983
3030
3052
3058
3127
3164
3181
3179
3199
3225
3253
3276
3302
3296
3323
3292
3288
3275
3279
3317
3347
3370
3372
3393
3389
3375
3351
3314
3274
3244
3221
3189
3148
3089
3033
2976
2890
2785
2661
2538
2399
2243
2088
1930
1783
1644
1522
1452
1431
1428
1411
1424
1418
1425
1424
1424
1419
1419
1417
1419
1416
1418
1424
1421
1423
1422
1417
1418
1419
1417
1417
1422
1420
1419
1420
1421
1420
1421
1417
1420
1420
1422
1417
1416
1420
1418
1417
1415
1418
1417
1420
1422
1419
1422
1421
1420
1420
1420
1422
1420
1417
1421
1422
1421
1423
1418
1420
1421
1418
1416
1420
1413
1418
1418
1420
1419
1418
1418
1417
1416
1420
1421
1422
1422
1423
1420
1420
1418
1419
1413
1417
1416
1419
1419
1423
1419
1420
1418
1423
1416
1416
1417
1415
1421
1420
1419
1423
1419
1418
1411
1420
1421
1424
1421
1422
1420
1417
1409
1416
1414
1423
1421
1430
1424
1426
1416
1409
1422
1421
1419
1417
1425
1426
1409
1412
1420
1416
1419
1414
1433
1428
1430
1417
1408
1416
1421
1434
1409
1444
1436
1410
1387
1404
1401
1407
1416
1429
1430
1434
1425
1408
1413
1410
1414
1419
1419
1436
1432
1428
1418
1413
1410
1402
1411
1417
1426
1433
1435
1427
1424
1415
1406
1405
1414
1417
1426
1429
1430
1426
1417
1409
1405
1411
1414
1422
1428
1432
1433
1427
1421
1414
1406
1407
1408
1418
1426
1432
1429
1425
1418
1416
1410
1405
1414
1422
1428
1427
1429
1425
1418
1408
1410
1409
1413
1420
1426
1429
1428
1423
1416
1413
1411
1414
1412
1418
1425
1427
1421
1420
1419
1411
1411
1411
1419
1421
1427
1428
1423
1424
1417
1414
1412
1412
1415
1423
1425
1427
1418
1423
1414
1400
1423
1407
1409
1433
1425
1431
1418
1415
1408
1419
1409
