1535
1534
1533
1533
1532
1532
1532
1531
1524
1523
1526
1534
1538
1544
1544
1542
1535
1532
1525
1527
1529
1533
1541
1542
1544
1542
1536
1532
1528
1526
1529
1533
1540
1543
1544
1539
1535
1529
1698
1633
1780
1693
1783
1825
1848
1890
1887
1904
1910
1942
1981
2025
2073
2109
2144
2177
2212
2231
2270
2298
2331
2359
2386
2422
2477
2534
2587
2648
2705
2759
2822
2872
2917
2944
2957
2957
3009
3022
3066
3087
3129
3180
3211
3245
3298
3315
3330
3319
3197
3355
3322
3387
3408
3438
3458
3500
3506
3530
3523
3509
3500
3509
3541
3537
3533
3575
3605
3621
3666
3662
3680
3683
3695
3673
3670
3688
3696
3725
3729
3763
3769
3774
3796
3800
3802
3829
3817
3836
3838
3858
3845
3863
3871
3871
3879
3878
3878
3877
3891
3887
3892
3894
3907
3905
3903
3916
3913
3912
3911
3914
3911
3916
3908
3913
3913
3914
3912
3920
3917
3920
3926
3924
3931
3937
3935
3956
3945
3948
3940
3932
3927
3916
3900
3890
3880
3879
3873
3867
3859
3841
3822
3793
3767
3704
3640
3555
3480
3390
3282
3199
3108
3032
2971
2917
2868
2830
2800
2754
2704
2659
2601
2515
2398
2255
2130
2013
1924
1845
1791
1742
1710
1680
1663
1664
1646
1595
1544
1481
1526
1538
1521
1603
1504
1530
1527
1523
1523
1516
1518
1525
1547
1531
1512
1547
1505
1543
1533
1548
1505
1530
1518
1531
1563
1522
1555
1534
1531
1534
1536
1536
1537
1549
1523
1531
1550
1543
1538
1558
1562
1519
1558
1536
1536
1523
1543
1532
1524
1549
1531
1542
1543
1547
1534
1538
1534
1538
1532
1535
1535
1539
1542
1557
1554
1528
1544
1534
1533
1527
1537
1539
1538
1537
1544
1541
1542
1544
1534
1543
1535
1538
1532
1535
1533
1539
1538
1544
1542
1533
1540
1533
1537
1533
1541
1534
1541
1538
1532
1537
1539
1536
1535
1539
1537
1538
1535
1536
1536
1539
1541
1539
1539
1538
1538
1539
1536
1538
1535
1535
1538
1537
1537
1540
1540
1534
1541
1539
1534
1539
1536
1538
1536
1535
1539
1539
1538
1534
1534
1534
1539
1538
1532
1538
1539
1538
1538
1538
1539
1540
1538
1539
1537
1533
1532
1536
1539
1535
1533
1539
1534
1535
1537
1537
1553
1650
1689
1845
1791
1826
1884
1900
1883
1859
1836
1826
1812
1803
1819
1835
1874
1916
1952
2007
2026
2057
2073
2091
2103
2113
2127
2148
2162
2180
2184
2201
2224
2250
2274
2292
2312
2335
2359
2378
2399
2411
2416
2420
2423
2436
2444
2454
2481
2502
2516
2525
2548
2545
2566
2551
2566
2552
2545
2547
2546
2550
2561
2575
2588
2604
2634
2651
2655
2651
2652
2638
2622
2605
2591
2607
2607
2636
2644
2675
2656
2624
2588
2628
2639
2660
2684
2721
2758
2792
2807
2813
2847
2872
2857
2870
2889
2886
2889
2874
2866
2842
2831
2810
2795
2779
2764
2740
2718
2680
2637
2574
2501
2403
2281
2143
2001
1873
1759
1669
1590
1553
1544
1533
1522
1510
1504
1502
1494
1507
1499
1504
1508
1516
1502
1513
1505
1509
1511
1508
1508
1507
1508
1506
1507
1507
1510
1510
1508
1510
1506
1504
1503
1508
1507
1510
1507
1511
1506
1508
1506
1506
1507
1506
1508
1510
1508
1507
1524
1496
1513
1505
1506
1507
1507
1507
1508
1510
1507
1505
1505
1507
1507
1506
1507
1507
1507
1507
1509
1506
1506
1506
1510
1508
1507
1507
1507
1507
1506
1507
1506
1506
1506
1506
1507
1507
1507
1505
1509
1508
1508
1505
1506
1505
1508
1507
1506
1505
1507
1508
1507
1504
1506
1505
1506
1507
1507
1508
1507
1507
1504
1506
1505
1505
1506
1505
1511
1505
1506
1505
1506
1506
1503
1506
1507
1505
1507
1507
1509
1507
1505
1507
1506
1504
1504
1506
1505
1507
1508
1511
1507
1507
1505
1506
1502
1503
1504
1507
1507
1510
1510
1509
1506
1507
1503
1504
1502
1503
1506
1508
1509
1509
1509
1506
1505
1503
1501
1503
1506
1506
1508
1510
1509
1505
1504
1504
1506
1503
1505
1506
1506
1506
1507
1504
1502
1505
1505
1506
1508
1508
1507
1506
1507
1504
1505
1501
1506
1505
1508
1510
1508
1508
1504
1503
1501
1502
1506
1504
1509
1511
1506
1508
1506
1504
1500
1502
1503
1506
1506
1508
1508
1508
1507
1505
1503
1503
1506
1502
1506
1507
1504
1509
1508
1510
1502
1503
1504
1502
1503
1502
1504
1509
1510
1507
1509
1509
1507
1500
1502
1506
1504
1500
1507
1511
1513
1508
1505
1508
1499
1499
1500
1501
1505
1507
1510
1511
1502
1510
1504
1510
1504
1505
1504
1508
1504
1503
1503
1502
1504
1507
1503
1504
1512
1511
1508
1516
1488
1521
1485
1521
1483
1516
1505
