1572
1571
1572
1570
1571
1568
1570
1567
1557
1550
1549
1552
1559
1567
1570
1570
1570
1564
1555
1552
1550
1553
1557
1567
1570
1571
1567
1564
1556
1556
1554
1555
1560
1565
1567
1568
1566
1563
1558
1556
1555
1560
1563
1564
1567
1565
1565
1562
1557
1558
1559
1558
1561
1561
1565
1566
1563
1563
1561
1559
1559
1562
1563
1566
1566
1565
1559
1561
1557
1559
1559
1561
1563
1567
1567
1566
1560
1558
1559
1559
1560
1564
1565
1564
1565
1561
1561
1559
1558
1560
1559
1560
1562
1563
1563
1561
1562
1561
1561
1561
1561
1562
1993
1519
1757
1651
1671
1661
1691
1671
1639
1680
1688
1712
1742
1769
1791
1819
1846
1908
1932
1967
2019
2056
2088
2126
2157
2206
2219
2264
2290
2341
2364
2396
2419
2467
2514
2571
2607
2657
2696
2753
2803
2844
2878
2875
2983
3009
3094
3106
3115
3128
3149
3186
3225
3254
3287
3329
3377
3393
3401
3418
3421
3429
3445
3444
3463
3470
3517
3529
3514
3519
3519
3536
3552
3607
3612
3663
3685
3747
3802
3816
3818
3816
3829
3845
3863
3887
3915
3926
3932
3951
3948
3962
3957
4013
4018
4038
4041
4042
4043
4041
4038
4034
4034
4044
4059
4068
4079
4081
4084
4084
4084
4086
4089
4084
4084
4084
4084
4087
4084
4083
4084
4088
4088
4085
4083
4084
4082
4080
4066
4054
4037
4013
3999
3967
3938
3923
3911
3893
3874
3858
3833
3791
3725
3645
3568
3469
3385
3311
3229
3188
3121
3072
3013
2964
2913
2873
2819
2748
2662
2563
2466
2377
2275
2160
2054
1948
1864
1810
1759
1735
1708
1694
1688
1669
1660
1640
1649
1602
1575
1566
1566
1543
1534
1513
1553
1811
1338
1552
1480
1495
1500
1481
1498
1502
1521
1498
1521
1552
1603
1527
1537
1511
1547
1529
1529
1567
1540
1530
1569
1563
1561
1512
1565
1559
1561
1560
1579
1563
1567
1573
1562
1560
1562
1565
1564
1562
1569
1571
1567
1567
1565
1563
1564
1564
1564
1567
1567
1565
1566
1566
1566
1565
1563
1561
1565
1563
1564
1568
1565
1564
1566
1567
1564
1561
1565
1564
1565
1563
1567
1564
1566
1562
1563
1562
1564
1562
1563
1564
1565
1566
1564
1565
1564
1563
1565
1563
1565
1565
1563
1565
1565
1564
1563
1565
1564
1562
1564
1565
1566
1564
1566
1564
1562
1561
1563
1565
1561
1562
1566
1565
1565
1565
1563
1564
1563
1563
1562
1562
1564
1566
1565
1565
1565
1563
1562
1565
1564
1564
1671
1646
1618
1651
1672
1680
1679
1685
1699
1714
1731
1744
1762
1795
1817
1852
1884
1915
1894
2029
2018
2031
2153
2137
2228
2248
2321
2413
2446
2528
2577
2632
2695
2765
2920
2978
3096
3188
3244
3297
3348
3393
3428
3466
3492
3527
3562
3600
3653
3695
3740
3778
3815
3840
3869
3901
3929
3941
3958
3969
3985
3998
4009
4019
4026
4037
4044
4053
4069
4078
4085
4084
4083
4083
4084
4084
4085
4085
4084
4085
4084
4084
4084
4084
4084
4085
4086
4084
4083
4085
4084
4083
4084
4085
4085
4082
4085
4084
4084
4084
4085
4085
4084
4084
4084
4085
4083
4086
4087
4084
4085
4084
4085
4084
4083
4084
4086
4081
4086
4083
4085
4083
4085
4085
4083
4085
4077
4032
3923
3805
3662
3454
3194
2939
2698
2466
2244
2054
1903
1800
1713
1636
1595
1554
1568
1541
1541
1543
1534
1538
1524
1525
1517
1501
1498
1509
1516
1523
1556
1564
1553
1570
1541
1569
1537
1904
1425
1594
1562
1589
1611
1528
1567
1575
1563
1563
1568
1573
1570
1569
1570
1568
1571
1563
1565
1562
1574
1566
1571
1566
1573
1567
1564
1564
1568
1567
1564
1565
1571
1573
1569
1564
1570
1568
1565
1568
1568
1569
1570
1568
1570
1568
1567
1569
1564
1571
1570
1570
1563
1568
1569
1570
1569
1566
1569
1569
1569
1567
1568
1571
1566
1570
1569
1567
1566
1568
1563
1569
1569
1568
1567
1568
1565
1567
1571
1566
1568
1567
1761
1701
1705
1758
1738
1798
1816
1847
1885
1920
1976
2012
2089
2124
2157
2148
2229
2208
2176
2217
2234
2275
2322
2361
2398
2466
2514
2519
2547
2580
2613
2626
2658
2689
2698
2712
2701
2690
2658
2617
2570
2518
2451
2363
2252
2122
1979
1838
1716
1616
1654
1564
1564
1530
1551
1547
1544
1546
1536
1534
1530
1532
1529
1542
1545
1546
1542
1542
1543
1537
1536
1531
1540
1541
1540
1544
1540
1542
1537
1536
1533
1536
1535
1542
1543
1543
1542
1541
1537
1534
1534
1535
1537
1542
1543
1542
1544
1540
1536
1536
1537
1537
1537
1540
1543
1539
1542
1543
1539
1538
1540
1542
1540
1537
1539
1538
1538
1535
1536
1564
1541
1532
1542
1568
1500
1519
1540
1557
1523
1530
1561
1556
1533
1523
1532
1535
1532
1527
1542
1554
1554
1535
1533
1545
1537
1524
1526
1542
1549
1544
1537
1543
1542
1535
1525
1532
1543
1544
1537
1546
1552
1546
1530
1533
1533
1530
1529
1540
1547
1546
1543
1545
1540
1531
1530
1532
1533
1541
1541
1543
1542
1542
1537
1533
1530
1535
1538
1539
1544
1548
1544
1538
1537
1536
1532
1532
1537
1540
1543
1542
1540
1539
1536
1534
1533
1537
1540
1541
1543
1544
1541
1535
1533
1533
1534
1536
1538
1540
1545
1543
1543
1537
1536
1532
1535
1536
1540
1543
1542
1541
1541
1539
1536
1532
1535
1537
1539
1542
1542
1542
1540
1535
1536
1536
1535
1538
1541
1540
1540
1541
1538
1536
1533
1536
1535
1537
1539
1539
1541
1540
1537
1534
1532
1537
1535
1536
1541
1544
1540
1541
1535
1537
1534
1535
1535
1540
1541
1545
1539
1540
1538
1534
1533
1533
1537
1540
1542
1545
1542
1542
1536
1533
1535
1534
1535
1538
1544
1544
1539
1536
1538
1534
1531
1537
1541
1542
1543
1540
1540
1536
1533
1535
1536
1536
1539
1540
1541
1540
1538
1535
1537
1534
1536
1537
1538
1542
1538
1539
1539
1534
1535
1533
1535
1539
1537
1538
1540
1540
1537
1536
1533
1534
1537
1536
1536
1540
1540
1536
1537
1536
1537
1536
1538
1536
1543
1539
1539
1537
1537
1536
1534
1534
1535
1540
1547
1531
1555
