1434
1434
1432
1434
1435
1434
1432
1434
1434
1434
1434
1431
1436
1434
1434
1434
1433
1432
1434
1433
1435
1438
1434
1436
1430
1432
1433
1433
1434
1433
1434
1430
1434
1432
1438
1434
1434
1433
1433
1434
1435
1434
1434
1431
1432
1433
1434
1434
1434
1433
1435
1434
1430
1435
1437
1437
1436
1435
1428
1435
1435
1432
1431
1432
1436
1435
1434
1434
1431
1432
1430
1434
1435
1434
1435
1435
1432
1435
1433
1434
1434
1435
1435
1435
1435
1434
1432
1432
1434
1433
1431
1433
1432
1433
1434
1437
1465
1466
1483
1488
1501
1514
1527
1543
1564
1583
1602
1618
1632
1644
1654
1667
1672
1677
1687
1697
1712
1732
1745
1761
1776
1793
1804
1814
1819
1831
1835
1843
1846
1858
1882
1913
1952
1985
2015
2043
2068
2093
2119
2138
2152
2173
2193
2217
2239
2264
2295
2335
2382
2428
2469
2509
2539
2557
2580
2609
2633
2663
2683
2700
2709
2731
2758
2786
2817
2841
2870
2891
2908
2929
2952
2972
2990
3025
3049
3051
3054
3063
3078
3088
3079
3041
2979
2908
2827
2739
2634
2508
2374
2255
2148
2027
1915
1811
1720
1633
1563
1497
1459
1429
1436
1425
1428
1432
1438
1440
1436
1432
1431
1428
1428
1430
1429
1434
1435
1436
1433
1432
1433
1430
1432
1432
1431
1432
1432
1433
1430
1431
1431
1432
1429
1430
1433
1429
1430
1432
1429
1432
1430
1431
1430
1431
1428
1433
1431
1431
1430
1431
1430
1431
1429
1431
1431
1431
1431
1430
1431
1430
1430
1432
1430
1431
1429
1430
1431
1429
1430
1430
1431
1431
1428
1430
1429
1431
1431
1432
1430
1429
1431
1428
1432
1431
1431
1428
1431
1430
1430
1430
1431
1430
1429
1430
1430
1429
1428
1427
1428
1431
1427
1430
1430
1430
1431
1431
1430
1428
1427
1431
1429
1429
1431
1427
1429
1429
1429
1429
1427
1430
1431
1432
1431
1430
1430
1430
1428
1430
1428
1431
1428
1431
1432
1428
1429
1428
1427
1430
1430
1429
1427
1430
1428
1431
1429
1431
1430
1431
1430
1429
1430
1430
1427
1426
1426
1415
1425
1428
1436
1443
1450
1451
1442
1429
1415
1414
1413
1415
1427
1438
1444
1440
1436
1429
1422
1417
1414
1422
1429
1435
1436
1436
1431
1426
1421
1420
1424
1426
1432
1435
1436
1433
1431
1429
1426
1427
1427
1428
1433
1432
1432
1429
1426
1421
1429
1429
1430
1430
1432
1432
1430
1427
1431
1427
1427
1429
1429
1427
1430
1431
1433
1428
1427
1427
1429
1429
1425
1428
1428
1432
1432
1426
1427
1432
1428
1428
1426
1430
1431
1429
1427
1432
1426
1427
1429
1428
1424
1428
1427
1430
1429
1428
1424
1431
1431
1430
1426
1432
1430
1432
1430
1431
1427
1431
1427
1429
1428
1430
1426
1429
1428
1428
1425
1431
1429
1438
1449
1454
1452
1455
1459
1460
1468
1473
1469
1468
1462
1463
1466
1474
1479
1486
1492
1503
1514
1530
1539
1546
1552
1561
1572
1588
1599
1616
1631
1645
1669
1693
1721
1759
1797
1827
1856
1882
1906
1923
1945
1970
2006
2053
2100
2158
2216
2274
2328
2377
2414
2449
2470
2489
2496
2511
2536
2567
2601
2636
2670
2708
2749
2777
2798
2805
2803
2803
2812
2815
2811
2803
2786
2771
2754
2740
2720
2684
2639
2591
2542
2498
2450
2415
2383
2347
2304
2249
2190
2116
2029
1935
1837
1741
1647
1558
1493
1445
1404
1390
1388
1393
1403
1410
1408
1413
1398
1412
1402
1408
1410
1408
1411
1411
1408
1410
1412
1408
1408
1411
1410
1408
1409
1403
1410
1409
1408
1407
1410
1407
1408
1407
1406
1407
1407
1409
1407
1409
1409
1411
1407
1410
1410
1409
1408
1407
1408
1406
1409
1409
1408
1408
1407
1411
1406
1413
1410
1412
1410
1408
1407
1406
1413
1404
1407
1405
1408
1407
1413
1408
1412
1411
1425
1408
1414
1411
1422
1405
1410
1410
1420
1402
1415
1413
1412
1415
1410
1413
1413
1417
1414
1411
1412
1415
1408
1411
1414
1408
1414
1413
1415
1416
1412
1412
1412
1414
1413
1412
1413
1414
1411
1413
1412
1411
1413
1412
1413
1413
1412
1413
1414
1412
1412
1412
1411
1413
1412
1413
1413
1413
1412
1414
1410
1414
1413
1412
1412
1416
1413
1415
1414
1416
1413
1415
1413
1412
1414
1415
1414
1414
1415
1415
1420
1418
1417
1419
1419
1427
1432
1417
1420
1416
1430
1410
1424
1418
1422
1422
1422
1421
1417
1421
1420
1421
1420
1420
1421
1420
1422
1420
1419
1418
1420
1421
1420
1420
1420
1421
1419
1423
1418
1421
1420
1419
1420
1421
1418
1420
1422
1420
1420
1421
1419
1419
1421
1420
1417
1421
1421
1421
1420
1419
1419
1419
1420
1420
1420
1420
1420
1420
1419
1421
1421
1418
1418
1420
1420
1420
1421
1421
1421
1420
1420
1420
1420
1421
1423
1421
1422
1421
1419
1418
1422
1419
1420
1422
1420
1420
1421
1419
1419
1420
1418
1422
1420
1422
1419
1421
1419
1422
1418
1419
1421
1418
1423
1419
1420
1421
1419
1420
1420
1419
1422
1421
1421
1421
1421
1420
1419
1420
1423
1418
1419
1420
1421
1420
1418
1417
1417
1420
1421
1422
1419
1418
1422
1422
1421
1421
1416
1419
1421
1423
1418
1422
1419
1420
1419
1421
1422
1420
1423
1422
1424
1420
1423
1417
1420
1421
1420
1422
1418
1423
1422
1424
1420
1423
1420
1417
1423
1422
1422
1418
1419
1419
1420
1423
1420
1421
1420
1423
1420
1422
1424
1420
1422
1424
1421
1420
1422
1421
1422
1422
1421
1420
1419
1419
1419
1421
1420
1420
1420
1421
1419
1421
1421
1420
1420
1421
1421
1418
1421
1416
1417
1420
1421
1421
1421
1416
1420
1421
1419
1416
1421
1419
1417
1418
1419
1419
1418
1416
1428
1418
1423
1419
1421
1421
1419
1419
1417
1421
1419
1421
1421
1420
1421
1422
1421
1422
1419
1417
1422
1419
1421
1425
1420
1421
1419
1420
1417
1422
1417
1422
1422
1424
1419
1421
1424
1421
1419
1419
1422
1419
1419
1420
1423
1419
1419
1421
1420
1422
1420
1421
1420
1423
1419
1420
1420
1418
1419
1420
1420
1423
1420
1419
1416
1423
1418
1420
1422
1423
1420
1421
1419
1421
1418
1420
1422
1419
1420
1419
1420
1421
1421
1421
1419
1422
1419
1422
1420
1420
1420
1419
1420
1420
1421
1422
1422
1420
1420
1421
1419
1422
1417
1422
1420
1421
1421
1421
1421
1421
1421
1423
1421
1420
1421
1421
1417
1442
1448
1470
1476
1495
1520
1536
1555
1569
1586
1605
1626
1647
1667
1684
1699
1720
1731
1743
1746
1741
1734
1730
1727
1729
1734
1746
1768
1800
1838
1876
1915
1951
1986
2020
2054
2077
2096
2111
2127
2145
2177
2209
2246
2279
2314
2344
2375
2405
2436
2468
2503
2531
2558
2584
2612
2641
2673
2705
2739
2772
2796
2832
2862
2902
2948
2991
3027
3059
3081
3087
3099
3108
3113
3118
3126
3133
3147
3162
3173
3186
3196
3206
3214
3220
3226
3228
3228
3231
3233
3240
3248
3254
3263
3274
3281
3289
3291
3292
3292
3289
3288
3287
3283
3272
3262
3249
3238
3224
3206
3186
3157
3092
2977
2843
2705
2580
2418
2260
2096
1945
1817
1707
1612
1533
1472
1419
1394
1405
1397
1409
1405
1456
1389
1405
1406
1399
1407
1416
1399
1406
1404
1409
1408
1406
1404
1404
1402
1405
1403
1405
1406
1410
1406
1407
1407
1403
1403
1404
1406
1406
1404
1404
1406
1404
1404
1405
1406
1407
1404
1405
1406
1405
1404
1403
1406
1403
1405
1406
1407
1404
1401
1404
1402
1405
1403
1403
1402
1405
1404
1402
1405
1401
1403
1405
1404
1401
1405
1406
1403
1405
1403
1405
1402
1405
1405
1402
1403
1403
1405
1404
1404
1405
1404
1403
1404
1403
1403
1406
1402
1403
1404
1404
1400
1404
1403
1402
1405
1403
1404
1404
1404
1404
1401
1402
1400
1396
1403
1396
1398
1398
1400
1393
1398
1398
1397
1402
1399
1402
1401
1401
1397
1402
1398
1401
1398
1401
1400
1397
1402
1401
1400
1397
1401
1399
1398
1402
1401
1401
1401
1402
1402
1402
1399
1401
1404
1402
1403
1401
1402
1403
1401
1398
1401
1397
1401
1404
1402
1402
1402
1402
1401
1399
1402
1401
1403
1402
1399
1402
1403
1402
1403
1402
1402
1400
1402
1402
1402
1402
1403
1401
1404
1402
1402
1401
1401
1402
1401
1402
1399
1404
1403
1400
1402
1401
1402
1402
1402
1402
1401
1402
1402
1401
1400
1401
1397
1402
1400
1401
1399
1402
1403
1402
1402
1398
1402
1400
1402
1402
1400
1400
1400
1402
1401
1401
1403
1401
1399
1400
1403
1401
1402
1401
1404
1402
1400
1402
1400
1402
1402
1399
1400
1403
1405
1404
1403
1408
1411
1404
1402
1398
1400
1398
1398
1403
1401
1407
1423
1388
1404
1405
1412
1387
1406
1384
1400
1381
1394
1390
1413
1418
1409
1414
1413
1394
1385
1388
1389
1398
1407
1413
1419
1417
1406
1397
1390
1391
1391
1398
1407
1416
1418
1409
1405
1399
1392
1388
1394
1402
1411
1414
1415
1415
1403
1395
1390
1391
1389
1397
1403
1418
1419
1405
1414
1397
1403
1380
1393
1391
1410
1406
1408
1411
1414
1394
1393
1393
1400
1396
1404
1414
1414
1411
1405
1397
1397
1394
1395
1402
1411
1415
1408
1408
1405
1400
1393
1395
1401
1405
1407
1410
1410
1404
1401
1394
1395
1396
1397
1402
1408
1408
1409
1403
1401
1401
1395
1398
1400
1404
1405
1407
1405
1405
1403
1396
1398
1398
1402
1401
1406
1409
1409
1405
1402
1400
1392
1406
1392
1412
1398
1416
1403
1408
1399
1406
1395
1403
1399
1407
1408
1410
1425
1367
1416
1422
1383
1405
1415
1404
1409
