1436
1435
1436
1435
1436
1436
1436
1437
1435
1436
1436
1436
1438
1438
1441
1438
1434
1436
1439
1435
1440
1438
1446
1430
1435
1429
1435
1426
1433
1442
1446
1437
1437
1434
1438
1433
1433
1437
1438
1443
1437
1438
1436
1435
1430
1431
1435
1436
1436
1441
1442
1439
1439
1435
1434
1437
1437
1436
1437
1438
1433
1431
1435
1439
1413
1410
1512
1441
1458
1431
1475
1397
1370
1406
1448
1439
1448
1470
1480
1462
1429
1419
1433
1439
1458
1470
1525
1525
1529
1518
1515
1499
1496
1525
1545
1590
1614
1646
1647
1653
1638
1644
1647
1661
1683
1733
1769
1789
1809
1822
1832
1826
1841
1870
1906
1920
1957
1983
2009
2011
2040
2057
2090
2103
2143
1779
2421
2345
2515
2204
2806
2375
2328
2124
2551
2546
2527
2531
2739
2819
2772
2678
2768
2805
2834
2863
2928
3036
3116
3069
3121
3149
3164
3169
3234
3277
3349
3385
3431
3480
3503
3497
3508
3520
3530
3548
3556
3588
3606
3617
3627
3634
3641
3638
3643
3642
3646
3635
3622
3593
3557
3509
3462
3375
3263
3136
2963
2774
2591
2423
2256
2092
1949
1834
1739
1662
1606
1558
1493
1445
1427
1408
1406
1400
1405
1409
1420
1427
1428
1417
1425
1418
1410
1405
1410
1412
1414
1418
1423
1418
1415
1416
1413
1407
1410
1418
1438
1401
1435
1422
1478
1414
1439
1428
1455
1438
1486
1394
1442
1434
1440
1408
1433
1437
1452
1423
1441
1433
1425
1436
1431
1438
1424
1441
1424
1433
1429
1437
1429
1435
1429
1435
1430
1438
1430
1430
1430
1434
1431
1432
1433
1431
1427
1428
1435
1432
1427
1433
1432
1430
1431
1431
1431
1430
1432
1432
1430
1432
1431
1431
1431
1432
1432
1429
1430
1432
1431
1431
1431
1430
1428
1428
1432
1429
1431
1432
1431
1431
1429
1432
1430
1430
1431
1430
1430
1431
1429
1429
1428
1431
1431
1430
1429
1431
1431
1431
1432
1431
1428
1430
1431
1430
1430
1432
1430
1430
1433
1431
1430
1427
1429
1432
1432
1429
1431
1431
1428
1431
1433
1429
1432
1428
1431
1430
1431
1430
1428
1429
1431
1432
1431
1431
1431
1430
1430
1430
1428
1430
1433
1433
1430
1430
1430
1430
1429
1432
1432
1429
1429
1430
1430
1428
1429
1428
1431
1430
1433
1431
1433
1430
1432
1431
1428
1431
1429
1428
1430
1430
1430
1431
1434
1433
1429
1430
1431
1430
1432
1429
1429
1429
1429
1429
1429
1429
1431
1432
1431
1431
1430
1431
1430
1429
1430
1431
1431
1430
1432
1431
1429
1430
1427
1429
1430
1430
1431
1431
1430
1425
1425
1426
1430
1428
1436
1442
1447
1434
1434
1426
1421
1415
1422
1426
1432
1433
1439
1436
1437
1429
1423
1423
1424
1426
1430
1434
1435
1433
1431
1430
1427
1425
1425
1426
1432
1435
1435
1434
1431
1429
1427
1426
1427
1431
1429
1432
1430
1432
1433
1428
1431
1428
1428
1427
1430
1433
1430
1432
1429
1432
1429
1431
1430
1431
1428
1430
1432
1431
1431
1425
1431
1429
1431
1429
1431
1433
1431
1431
1432
1428
1433
1430
1428
1429
1431
1431
1429
1433
1433
1429
1428
1432
1429
1430
1428
1430
1431
1430
1430
1433
1430
1430
1427
1429
1430
1429
1430
1431
1430
1431
1430
1432
1430
1431
1430
1446
1450
1461
1470
1483
1480
1488
1487
1490
1486
1480
1480
1481
1481
1485
1503
1517
1532
1548
1569
1583
1601
1612
1615
1618
1617
1615
1610
1614
1618
1623
1631
1646
1672
1688
1706
1722
1739
1751
1761
1770
1777
1790
1807
1819
1838
1859
1882
1918
1951
1987
2027
2066
2108
2140
2167
2193
2209
2225
2229
2242
2251
2277
2304
2348
2394
2437
2486
2539
2588
2631
2669
2703
2736
2766
2794
2824
2858
2903
2949
3012
3069
3128
3178
3227
3264
3297
3328
3353
3382
3402
3421
3440
3466
3494
3522
3542
3554
3557
3558
3550
3545
3544
3547
3549
3553
3548
3541
3521
3485
3437
3376
3292
3191
3033
2860
2681
2507
2338
2182
2048
1925
1817
1742
1667
1614
1568
1531
1498
1472
1452
1444
1431
1432
1422
1424
1429
1430
1431
1432
1432
1430
1430
1426
1427
1430
1429
1427
1427
1430
1425
1429
1429
1429
1429
1431
1427
1430
1430
1428
1428
1427
1427
1428
1427
1430
1427
1430
1429
1432
1429
1428
1427
1429
1428
1429
1426
1431
1431
1430
1430
1428
1430
1428
1428
1428
1427
1430
1428
1427
1426
1427
1427
1426
1429
1426
1427
1430
1428
1428
1428
1430
1427
1427
1426
1428
1425
1427
1424
1427
1428
1426
1428
1427
1427
1428
1428
1427
1427
1428
1426
1428
1426
1426
1425
1426
1428
1428
1426
1427
1429
1426
1427
1427
1425
1427
1427
1427
1427
1430
1427
1428
1427
1427
1426
1425
1425
1425
1428
1428
1424
1425
1427
1426
1427
1425
1428
1425
1428
1426
1427
1425
1425
1426
1428
1427
1426
1426
1429
1426
1429
1426
1426
1426
1426
1427
1425
1428
1427
1427
1426
1423
1426
1427
1425
1426
1425
1428
1426
1426
1428
1429
1427
1426
1426
1426
1426
1424
1429
1425
1427
1425
1426
1424
1428
1428
1425
1426
1425
1427
1427
1425
1425
1427
1425
1426
1425
1425
1425
1427
1425
1427
1426
1426
1427
1426
1426
1424
1427
1426
1429
1427
1425
1427
1425
1426
1426
1427
1426
1428
1424
1426
1426
1424
1427
1426
1426
1426
1426
1427
1427
1427
1426
1425
1427
1427
1426
1425
1426
1424
1426
1426
1427
1427
1426
1423
1427
1426
1423
1423
1427
1423
1425
1426
1428
1425
1425
1425
1424
1426
1426
1428
1427
1424
1426
1426
1424
1427
1427
1428
1427
1427
1428
1428
1428
1427
1426
1425
1427
1425
1424
1427
1426
1426
1424
1427
1426
1422
1423
1422
1425
1428
1428
1427
1426
1427
1426
1425
1434
1420
1430
1427
1429
1423
1425
1424
1425
1427
1423
1427
1426
1430
1427
1425
1429
1425
1424
1421
1427
1424
1426
1428
1423
1424
1427
1424
1425
1424
1427
1426
1428
1427
1427
1424
1426
1424
1424
1426
1425
1429
1427
1426
1427
1424
1425
1424
1426
1428
1424
1426
1424
1425
1424
1425
1426
1425
1426
1424
1424
1425
1425
1421
1425
1425
1428
1426
1429
1426
1425
1424
1426
1426
1428
1426
1426
1426
1426
1424
1424
1424
1426
1425
1425
1426
1426
1425
1427
1423
1425
1425
1427
1422
1427
1428
1427
1426
1425
1427
1425
1423
1425
1426
1426
1427
1423
1422
1428
1422
1428
1427
1424
1426
1426
1426
1426
1433
1455
1466
1490
1506
1527
1548
1575
1594
1605
1623
1631
1640
1649
1651
1649
1653
1665
1672
1688
1706
1730
1761
1786
1807
1827
1839
1849
1857
1867
1869
1880
1891
1904
1920
1934
1948
1968
1991
2020
2039
2070
2097
2130
2160
2184
2208
2229
2245
2267
2290
2315
2350
2388
2438
2480
2522
2566
2608
2647
2685
2722
2758
2802
2838
2871
2905
2933
2959
2979
3000
3016
3034
3049
3062
3082
3105
3128
3152
3175
3194
3219
3235
3253
3272
3299
3321
3346
3375
3401
3432
3456
3484
3500
3512
3514
3508
3490
3464
3429
3393
3352
3306
3249
3179
3094
2968
2797
2627
2453
2295
2152
2023
1911
1811
1723
1645
1579
1521
1480
1446
1418
1401
1390
1388
1388
1393
1393
1398
1407
1405
1415
1403
1410
1406
1420
1413
1413
1416
1413
1412
1411
1410
1413
1413
1416
1417
1415
1418
1419
1418
1431
1406
1441
1416
1440
1423
1410
1415
1417
1420
1412
1417
1420
1418
1419
1424
1414
1419
1416
1418
1417
1419
1417
1421
1415
1417
1419
1416
1416
1417
1418
1419
1418
1418
1418
1420
1417
1418
1420
1419
1418
1419
1417
1417
1418
1417
1418
1418
1418
1418
1418
1419
1418
1418
1417
1418
1418
1416
1419
1416
1418
1416
1417
1416
1419
1418
1416
1417
1416
1416
1416
1420
1417
1419
1417
1417
1416
1416
1416
1416
1418
1419
1416
1416
1417
1416
1417
1416
1416
1417
1418
1419
1418
1418
1416
1416
1416
1417
1416
1418
1418
1417
1416
1417
1417
1417
1415
1417
1416
1418
1416
1416
1417
1417
1418
1418
1416
1418
1416
1418
1419
1417
1417
1417
1418
1416
1417
1413
1415
1415
1417
1415
1417
1416
1414
1417
1415
1416
1417
1417
1417
1418
1417
1419
1418
1419
1418
1417
1417
1417
1417
1416
1418
1417
1414
1417
1418
1418
1418
1418
1417
1413
1418
1417
1417
1414
1419
1416
1418
1418
1418
1416
1416
1415
1417
1417
1419
1422
1421
1418
1416
1413
1412
1415
1417
1420
1419
1423
1425
1419
1418
1419
1415
1413
1429
1409
1415
1425
1425
1395
1437
1404
1439
1427
1412
1400
1418
1414
1393
1410
1429
1430
1437
1422
1418
1423
1405
1407
1407
1423
1421
1431
1424
1426
1420
1415
1403
1409
1416
1414
1419
1428
1426
1422
1418
1412
1409
1407
1416
1418
1421
1426
1431
1416
1417
1411
1411
1412
1415
1421
1424
1428
1422
1419
1414
1414
1411
1413
1418
1425
1425
1430
1426
1418
1415
1410
1407
1414
1417
1424
1427
1427
1421
1418
1414
1410
1411
1415
1420
1422
1426
1425
1419
1417
1414
1408
1410
1414
1420
1423
1426
1425
1424
1419
1415
1410
1407
1418
1420
1424
1424
1427
1421
1415
1408
1411
1411
1415
1422
1420
1427
1423
1421
1415
1413
1410
1412
1418
1420
1422
1430
1424
1420
1418
1409
1411
1413
1416
1421
1424
1424
1420
1419
1410
1412
1411
1417
1421
1421
1425
1415
1428
1411
1418
1398
1421
1414
1420
1419
1428
1420
1415
1410
1413
1413
1420
1418
1422
1422
1423
1419
1417
1415
1412
1410
1416
1418
