2403
2380
2358
2338
2319
2300
2288
2273
2261
2134
2027
1903
1806
1731
1681
1614
1554
1497
1473
1452
1444
1431
1443
1448
1451
1447
1446
1454
1438
1440
1428
1439
1437
1442
1440
1449
1448
1447
1438
1442
1435
1437
1436
1438
1443
1446
1443
1447
1446
1438
1438
1434
1434
1442
1438
1441
1446
1445
1446
1439
1440
1436
1436
1435
1440
1441
1443
1443
1443
1438
1439
1436
1433
1434
1441
1443
1444
1442
1443
1442
1439
1438
1436
1437
1436
1441
1442
1445
1442
1441
1440
1435
1437
1437
1436
1438
1442
1441
1440
1440
1438
1437
1433
1438
1439
1439
1441
1440
1441
1438
1436
1438
1437
1436
1439
1438
1438
1440
1440
1441
1440
1436
1439
1437
1440
1438
1438
1439
1441
1441
1440
1438
1437
1438
1436
1435
1439
1440
1442
1440
1438
1439
1439
1436
1441
1436
1439
1441
1439
1440
1437
1440
1436
1439
1437
1436
1440
1441
1441
1437
1440
1438
1440
1438
1439
1439
1436
1438
1435
1439
1438
1439
1440
1438
1439
1437
1438
1436
1437
1442
1435
1441
1439
1439
1438
1439
1439
1437
1440
1439
1442
1437
1438
1437
1439
1438
1436
1439
1438
1437
1439
1441
1440
1438
1439
1439
1439
1438
1441
1439
1442
1438
1436
1437
1440
1442
1434
1439
1441
1439
1433
1440
1437
1439
1437
1437
1441
1439
1438
1438
1439
1440
1438
1438
1438
1442
1439
1439
1439
1438
1440
1436
1441
1438
1439
1439
1436
1437
1437
1438
1438
1439
1440
1439
1438
1437
1439
1438
1440
1439
1446
1453
1455
1462
1472
1486
1500
1512
1519
1533
1536
1544
1549
1554
1558
1561
1569
1577
1587
1600
1613
1618
1631
1640
1648
1659
1666
1679
1699
1714
1733
1753
1774
1797
1821
1835
1854
1868
1877
1898
1910
1926
1940
1957
1967
1997
2019
2045
2066
2095
2122
2146
2174
2184
2204
2227
2247
2265
2286
2309
2332
2351
2373
2399
2433
2461
2492
2509
2515
2517
2507
2500
2499
2502
2522
2546
2574
2597
2623
2635
2639
2624
2604
2585
2576
2567
2574
2587
2601
2621
2639
2658
2666
2665
2653
2640
2638
2638
2657
2667
2683
2703
2728
2742
2753
2767
2777
2791
2810
2832
2851
2863
2885
2888
2889
2891
2914
2936
2941
2923
2908
2901
2902
2906
2895
2901
2933
2960
2985
3001
3009
3007
3000
2968
2941
2920
2912
2905
2916
2937
2965
2996
3016
3029
3043
3044
3022
3003
2997
2999
2991
2996
3025
3067
3089
3112
3154
3190
3216
3216
3197
3165
3132
3106
3069
3042
3035
3042
3066
3098
3127
3167
3200
3220
3222
3233
3253
3250
3238
3229
3229
3227
3217
3204
3220
3220
3218
3209
3194
3171
3173
3188
3208
3236
3266
3295
3316
3345
3371
3398
3425
3438
3434
3359
3436
3353
3338
3287
3269
3278
3289
3310
3339
3369
3373
3359
3343
3319
3296
3289
3297
3304
3325
3349
3379
3401
3406
3408
3397
3397
3410
3412
3404
3388
3404
3451
3498
3523
3540
3546
3554
3548
3531
3531
3130
3575
2717
3296
2842
3535
3441
3588
3599
3666
3561
3437
3300
3175
3005
2844
2610
2466
2275
2140
1909
1765
1596
1545
1454
1420
1409
1435
1439
1433
1426
1455
1439
1434
1415
1424
1429
1415
1424
1432
1450
1439
1440
1436
1430
1416
1418
1423
1438
1427
1434
1431
1445
1434
1430
1425
1425
1423
1425
1426
1437
1437
1437
1431
1434
1428
1425
1423
1425
1428
1431
1436
1436
1435
1434
1429
1428
1426
1426
1432
1431
1434
1434
1435
1434
1431
1429
1426
1427
1427
1432
1431
1434
1434
1432
1430
1427
1427
1428
1428
1430
1433
1431
1434
1433
1432
1427
1428
1428
1428
1430
1430
1433
1432
1433
1433
1429
1431
1429
1429
1428
1430
1431
1434
1432
1429
1430
1430
1430
1429
1430
1430
1429
1431
1430
1430
1431
1431
1428
1428
1428
1426
1429
1427
1440
1430
1430
1431
1429
1430
1433
1429
1431
1429
1435
1432
1421
1438
1428
1434
1427
1431
1429
1430
1428
1429
1433
1431
1427
1431
1431
1432
1430
1431
1431
1431
1431
1429
1432
1428
1432
1430
1430
1432
1430
1428
1425
1432
1427
1430
1427
1428
1432
1431
1432
1431
1428
1430
1429
1429
1429
1432
1431
1432
1431
1430
1426
1426
1427
1428
1429
1431
1432
1429
1431
1430
1429
1425
1427
1429
1427
1432
1430
1433
1428
1428
1428
1424
1428
1430
1431
1428
1433
1432
1432
1429
1426
1432
1425
1431
1430
1427
1432
1431
1427
1424
1427
1432
1429
1429
1432
1431
1430
1424
1431
1426
1429
1428
1430
1430
1429
1426
1431
1428
1432
1429
1432
1431
1430
1433
1430
1429
1427
1428
1432
1427
1432
1429
1431
1444
1439
1465
1464
1491
1487
1508
1508
1512
1506
1495
1484
1481
1476
1472
1472
1473
1479
1480
1486
1497
1504
1520
1534
1545
1566
1581
1591
1598
1598
1606
1611
1619
1621
1625
1625
1626
1624
1628
1632
1641
1646
1648
1638
1630
1619
1617
1609
1599
1595
1586
1587
1585
1579
1569
1563
1557
1549
1543
1535
1523
1517
1506
1501
1492
1487
1482
1480
1478
1469
1465
1459
1458
1449
1445
1438
1439
1434
1432
1432
1433
1433
1428
1430
1426
1429
1427
1429
1428
1428
1433
1429
1430
1429
1427
1429
1429
1430
1428
1427
1424
1429
1427
1428
1428
1430
1431
1429
1432
1429
1427
1427
1427
1429
1427
1426
1429
1429
1429
1431
1428
1426
1428
1427
1429
1426
1438
1438
1450
1450
1456
1464
1482
1497
1518
1569
1581
1603
1598
1601
1598
1598
1598
1599
1602
1607
1605
1613
1621
1638
1649
1658
1663
1667
1677
1681
1691
1695
1706
1710
1725
1736
1758
1770
1790
1796
1808
1810
1815
1815
1818
1820
1826
1830
1833
1839
1838
1843
1850
1859
1867
1874
1881
1895
1900
1914
1928
1945
1959
1976
1988
2000
2009
2015
2019
2033
2037
2054
2064
2080
2089
2108
2118
2135
2148
2166
2174
2185
2199
2212
2224
2233
2246
2261
2268
2285
2289
2299
2306
2315
2321
2327
2334
2346
2356
2366
2370
2368
2373
2384
2399
2415
2425
2438
2452
2464
2477
2488
2501
2508
2520
2525
2540
2553
2574
2596
2615
2642
2661
2673
2689
2696
2717
2736
2743
2765
2779
2790
2815
2822
2820
2831
2848
2873
2893
2903
2894
2884
2872
2866
2861
2864
2852
2793
2733
2680
2771
2819
2870
2907
2937
2935
2924
2878
2845
2773
2698
2596
2497
2409
2331
2285
2265
2267
2272
2291
2302
2321
2331
2348
2368
2409
2449
2474
2491
2495
2486
2461
2420
2370
2309
2227
2136
2041
1951
1845
1748
1652
1563
1492
1459
1427
1411
1418
1412
1415
1416
1419
1418
1418
1419
1417
1414
1416
1419
1416
1419
1420
1420
1418
1418
1417
1417
1414
1419
1415
1418
1420
1420
1416
1419
1415
1413
1416
1416
1417
1418
1418
1419
1418
1417
1417
1415
1416
1414
1418
1418
1417
1418
1417
1418
1417
1416
1416
1414
1416
1418
1416
1419
1417
1417
1416
1415
1415
1418
1415
1416
1415
1419
1415
1417
1416
1418
1415
1420
1413
1417
1415
1416
1415
1417
1417
1419
1414
1417
1416
1414
1416
1417
1416
1416
1416
1414
1419
1416
1417
1411
1416
1416
1417
1413
1419
1416
1415
1416
1416
1416
1417
1417
1420
1408
1418
1419
1418
1406
1425
1417
1418
1407
1426
1409
1421
1413
1423
1413
1419
1416
1416
1414
1418
1411
1411
1416
1420
1413
1418
1419
1416
1412
1416
1415
1412
1414
1414
1417
1417
1419
1414
1415
1417
1415
1411
1413
1420
1412
1428
1418
1412
1414
1418
1414
1411
1415
1416
1420
1415
1416
1411
1417
1417
1418
1410
1417
1414
1415
1414
1416
1416
1417
1412
1412
1418
1416
1413
1412
1417
1414
1413
1422
1422
1416
1404
1428
1403
