1893
1903
1917
1933
1942
1945
1962
1968
1984
2001
2050
2072
2114
2138
2175
2192
2201
2195
2184
2151
2128
2083
2058
2029
2010
2009
2012
2016
2019
2020
2025
2026
2026
2035
2042
2051
2060
2056
2055
2045
2037
2035
2038
2049
2070
2094
2120
2147
2176
2202
2229
2251
2275
2283
2284
2267
2233
2180
2123
2060
1996
1936
1874
1820
1762
1708
1646
1590
1543
1506
1476
1451
1441
1438
1431
1436
1437
1437
1440
1444
1443
1446
1442
1440
1436
1438
1443
1440
1441
1440
1443
1437
1442
1439
1439
1438
1439
1440
1441
1443
1442
1440
1439
1441
1441
1439
1442
1441
1441
1439
1441
1440
1436
1439
1441
1439
1443
1440
1441
1441
1440
1439
1441
1440
1439
1439
1441
1441
1439
1441
1437
1439
1439
1438
1440
1439
1440
1440
1440
1438
1438
1439
1439
1440
1441
1440
1438
1439
1440
1438
1438
1439
1439
1438
1440
1438
1440
1439
1439
1440
1439
1439
1439
1436
1439
1439
1439
1439
1440
1437
1439
1438
1437
1439
1439
1440
1439
1436
1440
1439
1439
1437
1440
1439
1436
1438
1440
1437
1439
1437
1438
1438
1436
1437
1438
1437
1439
1439
1438
1440
1437
1440
1440
1438
1441
1437
1435
1438
1436
1437
1438
1440
1439
1438
1437
1437
1435
1436
1438
1439
1436
1439
1437
1440
1438
1438
1437
1439
1441
1439
1437
1442
1435
1441
1438
1436
1443
1434
1439
1438
1438
1438
1438
1441
1439
1439
1438
1437
1438
1439
1435
1438
1437
1438
1439
1441
1439
1438
1439
1438
1438
1439
1440
1438
1439
1438
1436
1439
1439
1439
1438
1438
1439
1436
1437
1437
1440
1436
1440
1439
1440
1437
1438
1438
1435
1442
1437
1440
1442
1439
1439
1437
1439
1438
1439
1437
1439
1438
1440
1438
1436
1440
1435
1440
1448
1470
1495
1489
1517
1606
1585
1609
1593
1606
1609
1617
1616
1635
1648
1668
1698
1726
1753
1774
1802
1816
1837
1853
1868
1886
1913
1931
1958
1982
1999
2020
2038
2058
2083
2099
2119
2130
2145
2156
2164
2167
2177
2163
2070
2149
2158
2218
2255
2213
2294
2280
2323
2318
2331
2307
2285
2263
2245
2213
2187
2158
2137
2133
2141
2161
2194
2231
2262
2287
2313
2334
2350
2337
2340
2338
2350
2354
2347
2344
2338
2340
2341
2352
2363
2372
2377
2382
2392
2399
2406
2410
2406
2406
2401
2370
2318
2244
2150
2029
1901
1772
1635
1540
1490
1457
1440
1422
1423
1418
1419
1438
1416
1436
1422
1437
1422
1429
1422
1428
1427
1431
1435
1431
1428
1425
1423
1426
1426
1426
1427
1428
1427
1428
1426
1427
1428
1428
1428
1428
1427
1427
1427
1423
1428
1428
1425
1427
1428
1424
1429
1423
1428
1428
1427
1428
1428
1429
1426
1427
1427
1424
1428
1426
1426
1428
1424
1427
1424
1424
1427
1427
1425
1425
1425
1429
1425
1428
1428
1425
1427
1426
1426
1424
1426
1428
1428
1428
1427
1428
1427
1425
1427
1424
1427
1423
1427
1428
1427
1428
1428
1428
1425
1427
1424
1423
1423
1427
1425
1427
1427
1429
1423
1427
1420
1426
1425
1421
1423
1428
1421
1425
1423
1427
1427
1424
1425
1426
1425
1424
1423
1427
1424
1429
1427
1427
1429
1424
1423
1427
1423
1426
1429
1427
1427
1428
1427
1426
1425
1427
1425
1427
1424
1425
1424
1425
1425
1426
1423
1424
1426
1423
1425
1428
1431
1427
1427
1425
1423
1424
1426
1423
1427
1428
1424
1427
1425
1425
1421
1422
1427
1422
1433
1430
1426
1428
1429
1421
1420
1422
1426
1430
1424
1426
1429
1425
1423
1424
1422
1425
1425
1429
1429
1429
1425
1424
1423
1425
1426
1424
1424
1427
1427
1428
1427
1426
1424
1424
1425
1425
1427
1426
1432
1442
1441
1448
1446
1449
1451
1454
1457
1467
1499
1591
1599
1626
1617
1637
1617
1603
1584
1577
1580
1588
1607
1633
1672
1705
1734
1755
1782
1802
1819
1828
1835
1849
1864
1882
1895
1909
1923
1940
1953
1970
1991
2018
2040
2065
2094
2113
2066
2067
2067
2116
2138
2163
2107
1868
2065
1994
2088
2018
2074
2078
2128
2460
2376
2373
2118
1990
1825
1741
1666
1620
1581
1570
1551
1526
1499
1479
1460
1441
1422
1422
1403
1412
1413
1427
1429
1425
1420
1415
1411
1407
1406
1407
1414
1422
1425
1423
1425
1414
1412
1404
1412
1407
1416
1419
1422
1421
1417
1416
1410
1411
1408
1412
1411
1419
1417
1421
1415
1417
1410
1410
1410
1414
1414
1416
1420
1418
1417
1415
1414
1410
1412
1412
1417
1415
1418
1417
1416
1416
1412
1411
1414
1416
1416
1417
1414
1420
1412
1414
1414
1413
1411
1413
1412
1416
1416
1415
1415
1415
1414
1415
1412
1415
1412
1414
1414
1416
1414
1416
1409
1415
1414
1412
1412
1412
1415
1415
1415
1416
1412
1408
1415
1411
1414
1409
1416
1417
1418
1413
1416
1415
1416
1414
1414
1417
1414
1413
1415
1414
1414
1412
1415
1413
1413
1418
1414
1414
1415
1416
1414
1411
1411
1415
1416
1413
1413
1416
1416
1415
1412
1415
1414
1416
1411
1419
1414
1419
1412
1418
1411
1414
1408
1417
1411
1414
1413
1416
1415
1415
1411
1414
1410
1412
1413
1415
1414
1415
1416
1415
1413
1416
1418
1399
1432
1403
1426
1398
1430
1413
1414
1409
1420
1413
1414
1412
1418
1413
1420
1413
1414
1416
1416
1407
1410
