1477
1477
1479
1476
1479
1478
1476
1476
1475
1477
1473
1478
1474
1475
1477
1477
1476
1476
1478
1474
1475
1475
1477
1477
1478
1478
1477
1476
1477
1476
1478
1477
1476
1475
1476
1477
1477
1476
1474
1478
1477
1480
1477
1478
1477
1486
1547
1557
1587
1585
1602
1578
1616
1623
1649
1643
1653
1643
1661
1664
1671
1674
1682
1702
1731
1751
1772
1764
1755
1767
1752
1780
1775
1793
1797
1803
1813
1817
1825
1833
1846
1859
1886
1907
1933
1957
1983
1996
1999
2007
2015
2016
2017
2026
2046
2085
2110
2140
2166
2195
2193
2211
2204
2201
2203
2213
2234
2259
2304
2328
2331
2356
2386
2379
2374
2387
2411
2438
2425
2463
2467
2467
2469
2442
2459
2463
2477
2489
2496
2503
2499
2502
2526
2557
2579
2607
2626
2621
2634
2661
2664
2659
2657
2658
2656
2659
2649
2643
2633
2628
2622
2625
2619
2603
2564
2506
2455
2420
2381
2341
2305
2257
2208
2144
2067
1979
1884
1785
1687
1597
1523
1486
1466
1469
1469
1467
1472
1471
1471
1470
1468
1467
1467
1465
1468
1466
1468
1467
1471
1468
1468
1469
1467
1467
1468
1469
1469
1469
1470
1466
1468
1467
1466
1466
1468
1469
1467
1469
1469
1470
1467
1469
1467
1467
1466
1466
1468
1468
1467
1465
1468
1468
1466
1467
1466
1466
1467
1468
1467
1467
1466
1466
1467
1466
1465
1465
1468
1465
1468
1468
1468
1467
1463
1465
1465
1467
1468
1467
1466
1465
1468
1464
1466
1464
1468
1465
1466
1464
1464
1463
1467
1465
1465
1469
1467
1465
1466
1466
1466
1465
1464
1465
1467
1464
1466
1468
1467
1468
1466
1467
1468
1465
1466
1465
1464
1468
1465
1466
1467
1464
1468
1465
1465
1465
1469
1466
1467
1468
1468
1467
1465
1464
1464
1465
1465
1464
1468
1466
1468
1466
1467
1466
1466
1465
1467
1468
1467
1466
1467
1463
1467
1462
1465
1465
1460
1464
1462
1469
1466
1465
1464
1465
1464
1463
1465
1466
1468
1470
1469
1466
1464
1465
1465
1469
1466
1468
1467
1466
1467
1465
1467
1462
1462
1462
1469
1468
1463
1467
1468
1466
1463
1462
1462
1467
1469
1465
1468
1470
1467
1466
1465
1461
1461
1466
1467
1469
1468
1466
1468
1467
1464
1467
1466
1465
1463
1467
1465
1468
1492
1492
1514
1504
1496
1498
1500
1499
1501
1504
1497
1499
1504
1512
1525
1535
1542
1551
1552
1559
1568
1573
1586
1596
1602
1599
1635
1637
1657
1660
1690
1709
1718
1738
1756
1757
1759
1781
1797
1805
1833
1850
1868
1872
1883
1896
1894
1851
1859
1847
1882
1893
1931
1928
1936
1960
1985
1972
1950
1981
1949
1978
2014
2073
2060
2113
2146
2196
2146
2083
1983
1892
1797
1692
1597
1524
1478
1474
1448
1439
1466
1440
1466
1453
1450
1453
1456
1453
1449
1453
1456
1450
1453
1455
1457
1452
1451
1453
1455
1450
1453
1455
1456
1453
1449
1451
1452
1452
1451
1454
1452
1456
1453
1451
1451
1451
1451
1451
1454
1453
1453
1453
1450
1453
1453
1452
1451
1453
1452
1451
1451
1453
1452
1452
1453
1455
1452
1452
1453
1453
1452
1453
1450
1453
1451
1452
1453
1452
1452
1452
1453
1452
1453
1452
1453
1450
1452
1452
1452
1454
1453
1453
1452
1453
1449
1450
1452
1452
1454
1451
1453
1453
1451
1453
1452
1450
1450
1452
1452
1451
1453
1451
1452
1450
1453
1451
1451
1450
1452
1453
1453
1452
1452
1452
1451
1450
1451
1453
1452
1452
1454
1453
1452
1451
1451
1451
1452
1449
1451
1454
1454
1451
1452
1450
1451
1450
1453
1451
1453
1449
1453
1453
1451
1451
1454
1453
1451
1453
1451
1454
1453
1454
1453
1452
1453
1451
1450
1449
1453
1452
1453
1453
1452
1450
1453
1452
1449
1452
1451
1451
1453
1450
1453
1451
1452
1453
1452
1452
1452
1453
1451
1454
1451
1450
1450
1450
1452
1452
1452
1452
1451
1451
1452
1453
1449
1451
1452
1453
1451
1451
1449
1452
1451
1451
1453
1451
1452
1449
1454
1451
1451
1451
1451
1449
1450
1452
1451
1453
1452
1453
1452
1452
1453
1452
1452
1449
1452
1452
1453
1452
1452
1447
1451
1450
1453
1452
1450
1451
1450
1451
1451
1452
1452
1449
1453
1452
1452
1452
1451
1452
1451
1452
1453
1452
1450
1453
1452
1452
1452
1454
1453
1451
1451
1449
1452
1453
1452
1453
1452
1451
1452
1460
1581
1592
1607
1560
1573
1582
1592
1575
1567
1557
1562
1566
1572
1581
1589
1604
1623
1650
1667
1691
1715
1734
1716
1681
1758
1738
1802
1762
1807
1841
1853
1879
1876
1881
1878
1887
1878
1880
1893
1915
1928
1944
1955
1970
1977
1987
1990
2004
2026
2047
2071
2092
2112
2120
2133
2132
2137
2143
2142
2155
2177
2199
2220
2257
2261
2263
2273
2266
2264
2260
2270
2295
2322
2356
2375
2382
2413
2385
2415
2392
2413
2406
2419
2455
2464
2489
2470
2500
2474
2500
2532
2542
2560
2553
2567
2572
2600
2597
2615
2603
2615
2610
2618
2627
2628
2631
2617
2605
2608
2617
2629
2644
2671
2684
2700
2733
2730
2743
2727
2723
2709
2726
2740
2750
2772
2795
2797
2803
2807
2765
2733
2741
2740
2733
2772
2791
2860
2873
2913
2894
2896
2833
2732
2623
2483
2328
2179
2041
1910
1801
1701
1626
1572
1530
1495
1460
1450
1437
1442
1440
1441
1440
1442
1438
1441
1444
1442
1443
1441
1441
1439
1440
1440
1442
1441
1442
1441
1439
1441
1441
1440
1441
1440
1441
1440
1439
1439
1440
1440
1439
1442
1441
1438
1438
1440
1439
1439
1441
1441
1439
1439
1440
1440
1439
1440
1441
1438
1440
1441
1441
1440
1437
1440
1441
1439
1444
1440
1440
1440
1438
1439
1442
1440
1441
1438
1441
1440
1439
1437
1440
1440
1441
1438
1440
1438
1438
1437
1437
1438
1439
1439
1440
1438
1439
1438
1439
1439
1439
1440
1439
1439
1440
1438
1440
1439
1439
1439
1438
1439
1439
1439
1439
1439
1440
1440
1439
1438
1436
1441
1439
1438
1440
1441
1440
1439
1441
1439
1439
1439
1438
1436
1439
1438
1439
1437
1440
1440
1440
1436
1440
1439
1437
1438
1439
1440
1437
1440
1440
1441
1439
1440
1441
1440
1438
1440
1439
1438
1439
1439
1440
1438
1441
1440
1441
1439
1440
1438
1438
1437
1438
1440
1436
1441
1440
1440
1437
1432
1440
1442
1435
1438
1445
1437
1441
1435
1438
1439
1439
1438
1436
1441
1439
1439
1438
1442
1440
1438
1439
1436
1436
1439
1440
1440
1438
1440
1440
1438
1438
1438
1439
1441
1438
1440
1441
1439
1439
1439
1438
1440
1439
1439
1440
1438
1439
1437
1437
1437
1438
1440
1438
1438
1438
1438
1440
1441
1440
1439
1438
1439
1438
1440
1439
1440
1437
1440
1446
1461
1458
1469
1466
1472
1467
1471
1465
1463
1465
1466
1467
1477
1489
1499
1512
1525
1540
1547
1552
1563
1574
1587
1597
1606
1619
1625
1635
1649
1663
1680
1694
1707
1723
1736
1744
1752
1762
1769
1768
1775
1783
1784
1791
1796
1798
1795
1785
1797
1811
1846
1865
1877
1884
1902
1903
1895
1912
1929
1955
1959
1977
1988
1991
2004
2010
2019
2026
2025
2026
2029
2029
2036
2048
2065
2088
2108
2128
2149
2159
2155
2172
2171
2182
2187
2198
2205
2217
2241
2245
2264
2267
2277
2295
2300
2321
2340
2332
2371
2374
2390
2371
2377
2363
2339
2348
2359
2368
2380
2390
2398
2416
2431
2433
2447
2445
2453
2458
2486
2495
2506
2518
2523
2543
2534
2546
2540
2564
2573
2577
2610
2628
2636
2648
2655
2674
2670
2673
2669
2676
2684
2707
2731
2747
2771
2787
2799
2814
2836
2855
2872
2877
2878
2893
2890
2919
2914
2928
2914
2906
2899
2887
2865
2839
2800
2761
2707
2648
2587
2499
2392
2261
2121
1973
1831
1705
1591
1503
1470
1432
1427
1427
1432
1424
1433
1429
1435
1420
1431
1430
1432
1426
1430
1427
1432
1432
1432
1430
1430
1427
1428
1431
1431
1432
1432
1433
1430
1432
1428
1428
1428
1431
1430
1432
1431
1426
1428
1431
1427
1432
1429
1433
1428
1433
1429
1426
1429
1425
1427
1427
1430
1430
1431
1430
1426
1430
1429
1428
1425
1427
1426
1429
1427
1430
1429
1431
1430
1429
1427
1427
1427
1431
1424
1431
1426
1426
1431
1428
1428
1427
1429
1428
1429
1429
1428
1428
1429
1429
1428
1426
1427
1430
1427
1429
1428
1428
1428
1429
1429
1426
1429
1426
1428
1426
1429
1428
1428
1426
1428
1429
1427
1425
1429
1426
1428
1425
1428
1426
1427
1428
1426
1427
1425
1429
1429
1427
1428
1426
1424
1428
1423
1432
1429
1425
1431
1430
1429
1431
1427
1425
1429
1427
1426
1428
1429
1429
1425
1429
1428
1426
1426
1427
1427
1427
1427
1424
1451
1411
1424
1434
1426
1420
1424
1422
1431
1431
1426
1432
1429
1429
1426
1427
1425
1425
1427
1427
1428
1429
1428
1429
1427
1427
1426
1428
1426
1429
1428
1429
1426
1429
1428
1429
1425
1428
1423
1428
1427
1426
1427
1427
1426
1428
1428
1427
1427
1428
1425
1429
1425
1426
1428
1429
1427
1424
1426
1426
1428
1426
1427
1431
1445
1432
1440
1429
1434
1429
1430
1431
1438
1443
1448
1456
1470
1488
1511
1530
1537
1543
1549
1558
1568
1578
1585
1595
1611
1623
1635
1646
1644
1643
1637
1623
1607
1606
1621
1641
1657
1676
1701
1732
1759
1779
1792
1800
1800
1733
1785
1761
1766
1763
1786
1810
1821
1868
1869
1899
1894
1908
1891
1901
1900
1915
1930
1939
1948
1974
1990
2002
2007
2017
2003
2003
2013
2023
2036
2028
2069
2077
2113
2121
2132
2131
2156
2149
2139
2156
2132
2162
2183
2205
2175
2158
2117
2148
2152
2161
2156
2207
2241
2268
2222
2307
2273
2295
2287
2304
2308
2313
2316
2319
2320
2329
2345
2349
2354
2361
2375
2384
2406
2419
2439
2462
2474
2485
2486
2482
2471
2465
2470
2484
2492
2508
2518
2538
2547
2551
2549
2573
2566
2590
2597
2618
2637
2642
2663
2660
2663
2658
2628
2618
2604
2592
2570
2560
2554
2548
2528
2509
2465
2406
2339
2251
2145
2027
1905
1778
1659
1549
1466
1435
1402
1418
1409
1423
1418
1425
1418
1418
1414
1414
1417
1413
1415
1416
1414
1416
1420
1413
1414
1415
1415
1411
1417
1418
1419
1415
1419
1416
1414
1415
1412
1412
1416
1418
1412
1415
1415
1413
1415
1414
1416
1416
1410
1414
1416
1413
1414
1416
1418
1419
1417
1414
1414
1413
1414
1414
1414
1415
1416
1416
1419
1414
1413
1414
1416
1412
1415
1419
1416
1418
1417
1416
1417
1411
1416
1417
1413
1416
1417
1416
1414
1418
1412
1417
1417
1413
1413
1417
1416
1419
1418
1418
1417
1415
1416
1411
1414
1415
1414
1418
1418
1415
1417
1420
1415
1419
1412
1412
1412
1412
1413
1419
1420
1440
1435
1428
1434
1420
1397
1361
1394
1396
1402
1415
1464
1461
1431
1401
1408
1393
1383
1384
1418
1441
1447
1441
1428
1424
1391
1393
1378
1403
1408
1439
1445
1434
1442
1412
1388
1383
1399
1410
1412
1434
1450
1438
1426
1405
1396
1392
1392
1405
1432
1436
1444
1431
1424
1407
1398
1392
1399
1411
1428
1432
1436
1429
1421
1404
1395
1397
1407
1416
1426
1435
1438
1425
1414
1404
1401
1398
1406
1418
1427
1433
1427
1427
1412
1407
1402
1406
1408
1418
1424
1431
1426
1422
1410
1405
1402
1406
1411
1420
1426
1427
1426
1420
1410
1405
1404
1408
1412
1420
1426
1428
1419
1418
1409
1407
1405
1411
1418
1421
1426
1426
1423
1415
1409
1405
1405
1412
1416
1421
1422
1423
1421
1413
1409
1410
1407
1415
1416
