1481
1477
1478
1480
1476
1473
1475
1477
1474
1471
1465
1461
1466
1471
1482
1485
1489
1483
1479
1470
1465
1462
1468
1475
1480
1484
1482
1480
1475
1473
1472
1472
1475
1479
1483
1481
1481
1479
1475
1473
1472
1471
1477
1479
1476
1476
1480
1478
1474
1474
1476
1478
1475
1475
1473
1476
1469
1485
1474
1490
1473
1481
1464
1468
1472
1478
1483
1481
1482
1479
1471
1473
1469
1473
1469
1477
1480
1481
1477
1481
1470
1474
1471
1472
1476
1481
1481
1480
1489
1500
1498
1502
1509
1523
1538
1577
1620
1636
1657
1654
1643
1635
1637
1630
1628
1641
1667
1694
1714
1750
1774
1794
1809
1832
1850
1866
1883
1909
1929
1957
1978
2004
2032
2061
2087
2103
2113
2127
2141
2158
2178
2200
2207
2218
2234
2203
2256
2246
2126
2190
2134
2152
2255
2272
2334
2353
2393
2412
2330
2308
2255
2250
2240
2257
2266
2282
2305
2327
2348
2359
2380
2384
2403
2413
2426
2444
2477
2505
2557
2600
2640
2661
2672
2657
2636
2622
2609
2606
2606
2605
2597
2601
2610
2608
2602
2582
2586
2590
2609
2601
2604
2618
2631
2630
2614
2597
2577
2553
2504
2451
2420
2403
2379
2386
2399
2415
2426
2414
2387
2332
2243
2140
2012
1876
1730
1595
1491
1490
1453
1451
1466
1465
1468
1468
1474
1470
1464
1463
1465
1458
1464
1469
1468
1467
1470
1467
1463
1463
1461
1462
1464
1467
1469
1469
1466
1465
1466
1464
1465
1463
1464
1464
1469
1465
1464
1463
1463
1464
1463
1464
1462
1465
1468
1466
1464
1465
1466
1461
1462
1465
1465
1466
1465
1464
1465
1462
1463
1465
1465
1464
1461
1466
1461
1466
1465
1464
1465
1465
1462
1464
1463
1463
1465
1465
1464
1465
1464
1463
1462
1464
1463
1465
1466
1463
1464
1464
1465
1462
1462
1464
1464
1464
1465
1466
1461
1463
1462
1462
1465
1464
1465
1465
1463
1465
1463
1463
1463
1465
1465
1466
1464
1464
1465
1465
1465
1465
1464
1463
1465
1465
1461
1464
1464
1463
1463
1464
1464
1462
1463
1465
1465
1465
1464
1464
1463
1461
1464
1462
1463
1463
1463
1464
1463
1463
1465
1465
1465
1465
1465
1462
1463
1462
1465
1463
1464
1464
1464
1464
1462
1464
1464
1464
1463
1465
1463
1464
1464
1463
1464
1465
1465
1462
1462
1463
1463
1465
1464
1463
1465
1463
1464
1463
1465
1464
1461
1461
1464
1462
1464
1465
1466
1464
1464
1459
1485
1441
1479
1458
1466
1462
1459
1461
1468
1469
1458
1466
1464
1468
1459
1459
1463
1468
1461
1461
1465
1464
1463
1461
1465
1465
1462
1465
1463
1465
1461
1462
1464
1464
1467
1465
1463
1462
1464
1463
1464
1466
1464
1462
1461
1464
1464
1465
1463
1464
1463
1464
1464
1463
1483
1491
1499
1496
1500
1504
1502
1506
1507
1513
1519
1523
1532
1537
1541
1548
1557
1555
1564
1566
1572
1577
1579
1586
1591
1597
1601
1614
1618
1628
1644
1664
1669
1677
1688
1697
1705
1714
1723
1727
1726
1727
1725
1730
1739
1748
1762
1766
1772
1785
1800
1820
1832
1850
1872
1889
1906
1921
1921
1871
1982
1954
1982
1960
1967
1978
1991
2000
2008
2012
2014
1989
1947
1930
2028
2045
2086
2106
2114
2134
2125
2128
2092
2072
2056
2068
2074
2095
2110
2132
2145
2159
2159
2158
2163
2181
2192
2213
2236
2258
2276
2302
2324
2324
2333
2344
2369
2387
2405
2430
2427
2460
2464
2461
2464
2468
2476
2486
2498
2510
2523
2526
2524
2513
2503
2519
2526
2546
2563
2584
2605
2617
2621
2616
2615
2590
2577
2553
2542
2537
2546
2563
2582
2604
2621
2637
2643
2639
2631
2628
2622
2613
2621
2632
2628
2618
2633
2644
2646
2649
2654
2658
2653
2651
2645
2642
2634
2619
2593
2562
2534
2499
2455
2398
2322
2223
2117
2008
1890
1787
1678
1592
1555
1482
1458
1441
1456
1452
1454
1452
1456
1450
1456
1452
1452
1452
1454
1451
1453
1456
1454
1451
1452
1452
1449
1452
1450
1453
1452
1454
1453
1454
1453
1451
1452
1453
1452
1454
1452
1454
1452
1451
1449
1450
1450
1451
1451
1455
1453
1453
1450
1451
1451
1452
1451
1451
1451
1454
1452
1450
1452
1450
1449
1454
1450
1451
1451
1450
1449
1452
1451
1452
1449
1450
1452
1453
1452
1449
1449
1451
1450
1450
1450
1450
1451
1450
1450
1451
1450
1450
1451
1450
1452
1449
1449
1451
1450
1451
1452
1451
1450
1451
1452
1453
1451
1451
1451
1450
1451
1452
1450
1451
1451
1451
1450
1450
1450
1450
1452
1452
1450
1449
1449
1452
1451
1451
1451
1451
1450
1451
1450
1450
1448
1451
1451
1452
1450
1451
1450
1450
1451
1451
1452
1449
1452
1449
1452
1447
1450
1450
1449
1452
1448
1453
1449
1450
1451
1450
1451
1450
1451
1451
1453
1450
1448
1449
1449
1448
1452
1450
1451
1448
1451
1447
1452
1447
1449
1445
1454
1447
1458
1447
1431
1466
1452
1446
1454
1450
1449
1446
1450
1449
1452
1447
1449
1447
1456
1446
1449
1451
1453
1451
1453
1449
1451
1449
1454
1448
1450
1447
1453
1449
1452
1450
1448
1449
1451
1448
1453
1451
1448
1452
1451
1450
1450
1450
1450
1448
1450
1449
1451
1451
1450
1451
1451
1451
1457
1508
1507
1509
1500
1500
1493
1494
1490
1488
1483
1482
1488
1496
1503
1511
1518
1526
1531
1537
1542
1539
1542
1542
1553
1555
1562
1568
1581
1585
1590
1594
1599
1612
1611
1616
1613
1610
1614
1615
1623
1634
1651
1665
1686
1700
1709
1720
1727
1730
1726
1734
1738
1739
1745
1752
1757
1777
1790
1797
1806
1813
1820
1831
1834
1838
1849
1854
1862
1871
1872
1875
1869
1871
1874
1882
1900
1918
1924
1935
1945
1953
1957
1968
1976
1986
1998
2010
2018
2035
2044
2064
2074
2077
2087
2092
2100
2106
2112
2122
2129
2137
2153
2172
2192
2204
2215
2221
2232
2241
2242
2242
2248
2257
2266
2278
2287
2299
2313
2322
2334
2341
2355
2361
2370
2372
2373
2380
2394
2404
2414
2424
2428
2427
2425
2424
2425
2439
2464
2484
2501
2511
2518
2531
2545
2555
2570
2578
2591
2598
2603
2611
2627
2645
2659
2659
2663
2655
2642
2633
2636
2639
2643
2647
2657
2677
2700
2717
2736
2750
2754
2750
2742
2729
2706
2684
2679
2700
2728
2747
2764
2789
2798
2801
2794
2787
2779
2766
2766
2767
2758
2750
2753
2760
2768
2775
2797
2835
2864
2885
2892
2887
2878
2865
2851
2834
2825
2836
2862
2895
2928
2965
2992
3016
3033
3048
3050
3040
3033
3040
3039
3047
3076
3107
3136
3151
3163
3169
3177
3165
3143
3116
3103
3081
3058
3046
3001
3067
3081
3032
3017
2723
2687
2589
2916
2955
3152
3067
3022
2934
2847
2585
2350
2147
1993
1915
1849
1840
1854
1897
1927
1947
1956
1942
1914
1872
1812
1757
1701
1677
1652
1636
1616
1613
1604
1597
1583
1563
1537
1501
1465
1438
1444
1435
1445
1435
1440
1440
1444
1444
1442
1444
1442
1439
1440
1441
1439
1439
1440
1441
1443
1442
1444
1443
1441
1441
1440
1442
1443
1442
1443
1439
1441
1442
1441
1440
1439
1438
1442
1444
1440
1442
1441
1440
1440
1439
1440
1441
1440
1442
1441
1442
1442
1441
1440
1439
1439
1438
1440
1443
1443
1441
1442
1442
1441
1440
1441
1441
1442
1440
1440
1440
1439
1441
1439
1442
1441
1437
1440
1442
1441
1440
1442
1440
1441
1441
1441
1441
1438
1441
1440
1440
1442
1438
1441
1438
1440
1439
1442
1438
1440
1439
1441
1439
1437
1440
1439
1441
1441
1440
1437
1439
1437
1436
1439
1439
1441
1438
1441
1437
1440
1440
1439
1440
1441
1439
1441
1439
1442
1439
1440
1438
1440
1440
1442
1439
1439
1441
1442
1439
1440
1440
1437
1441
1441
1441
1439
1438
1440
1436
1442
1440
1441
1439
1436
1437
1439
1439
1440
1441
1436
1439
1439
1438
1439
1441
1442
1434
1438
1436
1439
1440
1439
1439
1437
1440
1439
1437
1438
1437
1441
1437
1442
1439
1439
1439
1432
1444
1441
1439
1439
1444
1437
1440
1440
1438
1437
1438
1441
1441
1440
1442
1441
1439
1441
1439
1437
1440
1439
1439
1441
1441
1439
1436
1439
1438
1438
1439
1441
1438
1439
1441
1435
1438
1440
1440
1435
1446
1428
1441
1439
1441
1435
1442
1441
1431
1438
1444
1435
1445
1432
1442
1437
1435
1438
1444
1433
1438
1441
1441
1440
1440
1438
1441
1439
1440
1438
1440
1439
1444
1435
1437
1436
1440
1439
1440
1440
1439
1439
1440
1439
1436
1435
1435
1441
1438
1440
1442
1439
1441
1439
1439
1440
1438
1441
1433
1437
1440
1440
1437
1442
1440
1437
1438
1440
1440
1435
1440
1437
1439
1437
1437
1440
1438
1439
1433
1440
1440
1440
1439
1435
1439
1435
1440
1440
1440
1438
1437
1438
1439
1451
1451
1459
1461
1464
1460
1462
1461
1463
1459
1458
1462
1460
1465
1474
1483
1494
1498
1504
1508
1509
1508
1504
1505
1505
1510
1514
1520
1519
1518
1520
1525
1529
1533
1536
1539
1545
1555
1564
1569
1580
1590
1599
1607
1615
1621
1627
1632
1636
1640
1651
1664
1673
1683
1699
1711
1727
1734
1736
1740
1744
1753
1756
1764
1773
1780
1790
1791
1800
1807
1810
1815
1823
1832
1836
1845
1846
1855
1863
1874
1890
1902
1916
1923
1928
1932
1925
1919
1913
1912
1914
1917
1918
1928
1938
1955
1962
1969
1980
1989
1994
1976
1991
1994
2011
1988
1987
1970
2012
2074
2109
2141
2129
2147
2147
2163
2158
2148
2145
2150
2154
2166
2174
2191
2206
2220
2238
2258
2283
2300
2337
2355
2394
2419
2438
2436
2437
2445
2438
2452
2469
2495
2528
2535
2555
2547
2557
2555
2567
2568
2589
2617
2656
2682
2686
2700
2717
2730
2733
2731
2721
2712
2712
2713
2731
2747
2762
2799
2821
2842
2841
2837
2827
2814
2783
2742
2702
2665
2630
2596
2557
2505
2438
2357
2265
2161
2041
1914
1783
1656
1540
1457
1444
1418
1435
1425
1436
1428
1438
1427
1431
1428
1429
1425
1428
1427
1431
1432
1430
1432
1432
1429
1428
1427
1429
1428
1432
1430
1432
1427
1428
1427
1429
1426
1426
1428
1429
1431
1428
1431
1427
1427
1428
1427
1429
1426
1429
1428
1432
1427
1431
1427
1427
1427
1428
1429
1427
1430
1428
1427
1429
1427
1428
1428
1428
1428
1426
1427
1428
1429
1428
1428
1428
1428
1428
1428
1428
1426
1430
1427
1428
1429
1431
1426
1426
1428
1429
1426
1427
1429
1427
1427
1428
1428
1427
1427
1428
1426
1428
1428
1428
1427
1427
1428
1429
1428
1429
1427
1425
1426
1430
1426
1427
1426
1429
1427
1427
1427
1427
1427
1428
1429
1426
1427
1426
1427
1428
1426
1426
1427
1428
1426
1426
1427
1425
1430
1426
1428
1425
1434
1425
1424
1428
1428
1429
1424
1424
1424
1429
1427
1428
1428
1430
1426
1427
1428
1428
1428
1426
1428
1427
1428
1429
1428
1424
1429
1423
1430
1425
1428
1429
1429
1428
1423
1427
1422
1431
1426
1429
1423
1425
1428
1427
1422
1428
1425
1426
1423
1425
1426
1426
1425
1425
1426
1427
1426
1428
1423
1428
1421
1424
1428
1427
1427
1426
1426
1426
1443
1462
1451
1460
1464
1469
1473
1475
1478
1479
1484
1486
1490
1500
1507
1514
1513
1517
1516
1511
1512
1512
1520
1526
1533
1539
1547
1563
1568
1581
1589
1596
1601
1605
1605
1600
1605
1615
1629
1641
1660
1675
1695
1711
1724
1734
1738
1731
1729
1723
1719
1720
1730
1750
1768
1790
1811
1836
1851
1857
1861
1867
1866
1864
1871
1876
1891
1910
1931
1946
1968
1982
1990
1994
2000
2007
2012
2027
2047
2072
2095
2116
2131
2144
2156
2168
2176
2187
2202
2221
2238
2261
2274
2302
2325
2345
2361
2375
2385
2391
2408
2432
2454
2474
2497
2469
2507
2504
2511
2503
2506
2521
2543
2569
2590
2599
2608
2599
2570
2547
2525
2515
2504
2511
2581
2548
2605
2631
2649
2639
2628
2616
2593
2563
2538
2529
2558
2604
2640
2678
2707
2736
2664
2719
2707
2732
2615
2700
2502
2128
2548
2439
2643
2580
2677
2723
2744
2784
2688
2572
2432
2343
2244
2152
2067
2015
2006
1936
1918
1894
1848
1803
1737
1668
1598
1533
1476
1462
1420
1415
1415
1413
1415
1415
1419
1418
1424
1417
1412
1412
1416
1411
1417
1416
1417
1418
1416
1420
1416
1416
1418
1415
1413
1414
1417
1416
1415
1417
1417
1416
1416
1417
1413
1415
1416
1414
1415
1417
1417
1414
1414
1413
1415
1411
1413
1417
1415
1417
1415
1414
1416
1412
1413
1413
1414
1414
1416
1418
1414
1419
1413
1417
1412
1418
1411
1417
1412
1420
1416
1419
1415
1416
1413
1414
1410
1415
1414
1418
1415
1420
1415
1416
1416
1416
1415
1417
1418
1415
1415
1420
1419
1415
1413
1416
1413
1409
1408
1411
1414
1418
1419
1425
1422
1426
1418
1431
1396
1420
1384
1415
1408
1449
1413
1413
1421
1410
1377
1392
1416
1428
1436
1418
1438
1423
1412
1387
1395
1407
1416
1422
1423
1439
1430
1414
1397
1407
1405
1405
1409
1426
1405
1446
1424
1405
1423
1403
1399
1403
1414
1425
1432
1422
1416
1415
1417
1395
1401
1416
1418
1423
1425
1427
1424
1414
1401
1404
1405
1410
1414
1419
1429
1428
1413
1410
1414
1405
1403
1405
1428
1416
1427
1419
1426
1407
1405
1401
1412
1406
1420
1419
1427
1422
1420
1408
1408
1406
1409
1410
1419
1424
1424
1419
1418
1413
1408
1407
1408
1412
1418
1419
1422
1421
1417
1410
1408
1409
1409
1415
1416
1422
1424
1420
1415
1408
1409
1408
1409
1417
1407
1434
1403
1434
1402
1423
1398
1413
1406
1420
1416
1420
1415
1423
1410
1415
